598
860
723
678
745
2
68
236
142
858
163
90
891
657
189
781
371
942
747
482
689
889
768
552
400
916
869
55
98
813
720
581
914
739
484
868
876
651
71
187
280
704
724
260
907
439
627
484
143
404
344
707
77
104
47
188
653
644
474
796
697
157
368
870
254
580
565
373
80
142
210
204
653
900
181
177
57
87
108
485
901
280
187
103
925
104
14
203
435
787
10
726
785
95
171
180
184
610
449
664
935
851
794
326
718
167
718
265
480
323
404
25
810
288
545
22
33
432
873
733
803
914
899
67
249
142
73
474
557
194
204
395
141
906
943
220
938
473
60
491
258
775
545
183
694
118
827
766
387
478
574
368
816
207
218
948
6
358
491
511
434
388
96
268
75
279
351
822
728
711
50
189
196
123
153
287
340
204
152
83
264
946
324
209
610
462
307
663
401
724
329
133
128
656
121
908
50
886
392
739
672
440
410
904
726
107
488
481
586
95
323
612
568
487
89
784
385
366
136
230
419
250
662
268
250
73
46
827
12
451
812
841
820
521
189
408
795
358
824
944
516
781
789
340
478
567
832
12
381
861
677
624
305
620
331
548
476
734
792
373
946
533
894
574
271
613
570
411
300
298
291
192
500
534
287
380
933
720
675
760
105
444
148
131
29
523
88
42
773
887
534
56
415
388
526
202
314
872
615
767
99
929
226
462
442
446
529
21
631
918
923
633
709
370
375
108
602
699
782
308
439
882
885
383
217
274
377
794
121
360
812
14
869
152
806
83
653
131
801
819
104
941
31
98
60
425
414
194
170
124
621
724
189
731
136
269
355
381
381
913
130
565
177
272
87
486
179
872
464
799
546
110
433
629
57
844
40
641
180
531
895
907
820
697
35
480
491
701
498
56
4
812
399
76
654
407
712
718
512
418
530
42
635
428
816
495
154
234
284
714
440
464
132
394
20
911
394
560
484
97
871
365
810
379
699
135
582
123
916
860
170
32
513
589
802
583
126
828
51
526
650
527
510
595
370
141
775
329
503
411
787
333
623
873
844
70
249
212
948
601
699
104
132
740
932
358
815
893
846
457
598
90
618
352
176
339
325
538
371
829
632
537
582
220
426
427
356
662
177
373
414
883
93
109
297
277
158
459
88
249
909
529
479
797
298
743
851
565
651
206
603
450
932
330
569
693
691
294
678
547
463
530
480
307
905
114
787
4
450
525
60
828
344
481
195
43
413
111
670
230
828
189
170
683
146
657
275
110
417
508
406
141
77
100
616
104
922
932
36
23
322
589
904
223
685
941
171
227
816
480
358
533
368
949
941
527
748
778
310
382
645
705
782
113
618
288
669
234
230
191
646
1
325
828
851
474
574
699
178
737
230
534
949
845
314
825
231
172
865
576
435
131
342
511
346
108
573
708
696
355
500
146
57
429
904
40
518
617
737
901
930
55
523
78
16
485
197
701
587
915
401
476
213
13
382
529
498
494
107
566
313
897
883
376
607
935
593
797
473
394
874
410
384
214
281
840
780
870
50
98
917
450
947
140
408
520
450
104
432
648
689
630
718
403
841
564
266
47
223
733
94
158
174
581
483
582
182
244
443
27
77
30
35
440
688
705
773
115
728
207
633
731
250
689
933
406
192
44
864
500
937
583
89
422
847
719
561
265
908
901
894
703
670
285
913
309
44
855
602
59
35
61
72
562
344
924
863
179
75
728
325
515
167
780
842
426
557
212
165
892
375
622
365
35
748
399
451
245
731
461
668
395
458
93
355
140
376
423
522
672
654
553
297
814
657
479
662
365
160
772
929
704
357
734
890
200
839
375
869
454
388
65
514
272
421
196
368
723
172
865
947
597
53
7
61
817
323
331
535
618
245
52
217
621
302
560
662
473
86
628
501
192
940
431
128
628
86
793
32
621
390
118
27
763
95
280
705
593
529
812
842
236
708
47
321
726
141
528
807
629
465
904
492
369
59
604
921
918
761
597
48
621
920
431
15
655
686
167
183
263
124
247
110
591
290
643
861
555
236
237
807
145
371
723
878
447
153
519
715
7
691
823
863
949
919
284
947
10
152
929
258
867
936
414
105
545
214
64
946
807
255
173
218
748
695
887
712
49
81
839
704
124
275
695
293
867
827
564
50
754
452
370
495
67
359
298
109
600
527
285
141
619
212
460
50
333
551
770
169
396
540
815
117
710
497
286
54
629
238
833
451
858
188
683
369
197
129
323
125
275
200
62
933
20
247
81
251
337
125
481
206
59
246
813
60
775
423
98
687
429
681
223
614
323
846
732
75
9
158
153
736
354
415
946
649
137
634
821
598
802
355
364
380
315
442
82
718
50
945
391
830
847
330
749
86
584
470
90
754
793
803
474
494
143
560
799
216
740
329
59
33
255
462
553
331
337
799
581
651
232
172
590
835
596
254
466
286
756
695
324
691
618
664
480
273
434
351
465
835
814
71
635
59
36
148
347
180
339
543
8
714
369
680
908
369
886
272
162
177
433
66
376
703
349
816
596
567
781
465
494
452
8
420
200
668
660
592
526
692
87
389
927
418
98
398
642
30
547
610
763
817
489
316
597
556
529
336
865
781
347
24
900
659
783
277
19
517
149
774
683
541
398
643
386
345
34
406
399
565
558
614
120
273
17
602
495
707
567
147
315
423
527
185
284
18
628
637
757
135
374
258
757
249
139
887
746
564
331
587
346
410
163
833
116
93
399
343
472
260
105
22
948
925
543
100
568
39
266
216
295
145
660
457
33
948
449
157
35
330
537
179
813
704
267
92
706
691
608
435
670
825
878
779
850
367
123
412
160
570
391
721
220
621
712
597
492
494
689
832
736
449
149
650
838
687
599
30
160
122
602
695
538
714
498
759
519
112
203
224
779
402
224
574
380
2
441
926
323
128
14
208
87
75
295
173
221
614
344
839
137
53
561
787
454
797
353
880
329
273
547
724
180
354
10
548
177
872
899
179
803
831
182
218
410
855
221
47
39
684
17
200
843
412
641
383
417
215
324
171
201
129
209
46
465
360
783
948
109
61
903
626
613
451
934
652
551
123
749
25
778
899
693
536
429
404
594
217
380
826
265
47
933
587
78
84
676
372
915
519
947
310
245
917
26
139
818
479
738
782
396
821
590
411
245
897
407
96
359
936
911
44
899
675
9
574
13
817
582
168
851
211
704
706
943
918
750
132
278
789
173
326
297
558
305
310
873
498
280
262
914
735
834
746
612
57
759
587
469
502
891
445
417
698
478
648
472
4
624
668
467
49
948
545
307
62
945
404
442
104
638
89
44
751
365
884
636
673
725
113
342
834
687
535
554
83
196
810
607
725
40
877
236
182
929
615
879
878
656
180
350
259
506
348
813
104
52
806
875
283
370
222
602
412
231
912
857
909
890
947
176
687
871
6
916
17
669
848
533
944
408
845
166
892
270
430
809
426
22
69
722
710
160
87
430
675
654
174
111
670
448
729
812
290
108
74
252
275
16
664
573
865
542
170
864
847
790
488
933
892
295
915
859
551
435
261
303
14
178
927
180
587
502
532
748
852
388
587
347
32
241
120
77
59
922
644
490
785
367
879
323
657
722
517
207
337
476
12
200
598
270
263
288
177
509
701
338
622
390
257
690
619
21
856
452
765
600
765
484
593
615
180
734
80
721
618
403
607
567
933
809
537
817
218
665
165
367
33
272
579
355
907
343
695
12
612
721
551
675
122
475
387
203
84
123
667
266
368
737
388
898
467
317
655
560
625
441
189
216
477
640
303
922
45
365
915
546
875
267
893
64
708
786
280
338
48
890
310
121
471
39
820
371
861
200
719
81
844
663
20
468
179
320
736
383
920
267
113
688
253
605
65
942
791
805
447
210
555
449
710
438
484
312
672
466
569
17
103
71
76
750
286
37
220
926
27
827
300
508
727
879
59
353
776
650
604
240
751
291
904
251
770
467
111
627
819
655
3
178
128
796
856
923
456
138
933
861
215
448
865
753
390
145
665
894
666
827
292
92
532
751
884
131
124
658
679
415
459
352
324
360
392
510
798
879
727
248
935
725
272
602
901
116
482
619
578
129
617
146
941
178
872
863
604
343
31
592
685
156
541
38
704
690
739
815
797
643
485
175
110
357
592
588
505
227
793
819
425
655
197
567
780
137
81
121
418
387
197
678
332
52
321
711
901
287
894
200
695
125
550
280
486
541
374
76
866
499
379
777
326
233
35
384
898
523
922
449
311
8
942
159
309
423
645
261
500
261
675
31
55
557
779
539
76
940
596
400
181
144
758
301
24
825
385
674
445
735
172
358
694
398
883
49
60
471
815
274
473
45
713
161
807
551
499
32
21
778
879
568
93
348
691
853
457
793
799
509
571
700
588
41
786
472
820
861
547
593
257
684
822
919
777
232
5
888
913
596
268
551
644
170
123
58
336
121
440
629
555
756
834
730
571
799
830
849
247
378
199
361
627
669
939
883
134
406
157
565
874
491
324
11
196
672
183
778
182
568
756
225
605
345
929
828
949
807
733
888
469
159
876
798
499
470
659
518
644
441
642
434
349
375
608
110
579
792
674
260
116
821
449
862
358
388
431
767
197
370
81
795
802
344
8
901
29
779
645
245
538
25
10
504
402
592
630
284
459
852
679
447
908
870
680
171
63
99
226
174
120
177
210
878
573
269
368
629
320
424
427
181
362
512
603
867
235
630
504
255
98
215
62
80
905
749
791
678
286
145
546
428
173
494
326
851
8
361
185
884
380
787
293
743
141
99
228
913
44
137
110
930
862
405
670
672
632
707
133
511
663
34
821
228
309
497
57
208
854
908
235
175
300
2
813
925
214
818
235
577
180
104
599
248
163
602
688
220
229
398
744
596
444
831
575
955
119
507
888
15
703
63
286
173
736
884
928
710
92
141
432
171
479
24
402
192
188
109
931
558
921
554
654
96
164
695
442
841
164
123
120
937
252
613
369
421
406
331
607
144
111
717
861
185
938
233
795
249
239
110
66
552
885
872
804
815
350
482
694
769
337
224
713
741
932
620
294
515
151
137
541
591
637
371
845
911
402
934
785
696
400
114
230
862
29
611
57
199
196
349
530
698
337
28
38
526
562
571
511
534
347
155
151
393
752
366
874
199
339
204
729
728
96
906
158
151
931
333
722
783
481
728
686
854
761
714
158
696
908
601
425
425
398
667
47
446
419
400
630
640
654
706
644
172
746
441
17
709
717
431
368
447
671
20
206
291
758
390
237
20
629
291
725
194
330
280
815
328
726
617
303
888
829
695
62
662
223
462
134
791
420
410
678
288
860
832
349
863
336
555
949
570
802
233
872
886
454
107
891
71
424
86
63
898
516
629
137
928
936
397
845
673
727
947
826
536
940
336
434
429
875
928
146
733
339
342
544
941
150
873
787
614
634
111
598
167
151
799
359
206
772
229
339
492
55
268
264
451
12
561
609
583
138
300
241
548
26
670
795
821
61
454
940
337
218
797
491
258
305
606
737
455
213
733
159
587
303
5
410
639
421
57
860
572
947
427
191
379
846
375
612
616
452
338
494
636
393
313
162
780
638
786
924
910
800
807
489
166
21
868
380
619
648
920
588
752
59
480
434
654
86
898
68
284
180
818
304
13
93
774
22
746
252
100
768
716
126
946
614
342
900
435
585
95
738
916
917
704
598
135
143
235
517
894
428
75
125
875
471
316
764
918
400
203
223
330
343
731
100
719
484
347
818
20
881
642
333
372
607
47
218
567
506
584
327
114
836
661
867
73
560
818
921
450
794
607
881
167
597
212
408
94
333
525
761
618
858
213
397
457
372
555
571
112
689
708
539
198
4
881
802
681
67
155
761
619
198
562
415
846
243
889
705
18
472
354
595
408
609
350
675
746
138
647
812
783
832
493
828
217
382
276
84
474
693
95
247
249
221
734
885
573
875
737
505
293
659
944
834
380
515
211
750
612
344
498
330
784
806
424
338
838
459
451
228
156
840
614
468
284
696
329
726
303
278
928
81
263
338
34
819
43
746
445
446
514
660
880
308
108
39
704
843
322
917
215
850
167
833
513
498
275
900
439
760
679
222
751
339
260
52
868
236
611
304
109
473
355
342
841
740
934
641
496
37
339
522
35
38
19
291
340
937
788
468
69
737
248
358
381
688
332
173
305
171
859
298
264
229
362
152
868
131
799
900
404
54
317
439
131
208
369
254
175
699
63
272
476
384
645
129
937
793
915
864
211
788
623
425
732
896
310
36
166
366
484
386
691
726
703
802
271
423
417
210
420
832
149
778
334
548
325
420
84
567
459
536
625
261
558
394
869
537
188
383
317
164
720
507
585
718
202
855
304
451
412
756
628
459
2
620
444
739
593
229
946
23
419
675
184
539
326
348
688
475
897
934
793
894
420
119
194
28
743
477
588
430
729
942
490
892
729
531
386
317
695
522
205
213
240
388
424
259
631
651
733
865
272
403
743
609
507
12
26
375
894
419
232
656
39
360
1
484
840
619
827
941
800
157
370
472
646
81
498
212
54
354
625
45
89
823
486
147
738
96
588
508
150
920
723
15
649
878
44
362
95
8
31
768
30
244
269
279
215
714
475
604
770
74
738
717
698
696
801
97
530
314
156
699
915
688
158
133
466
544
681
252
166
137
895
826
880
441
456
860
58
163
198
430
266
115
112
864
433
442
297
79
935
351
265
298
86
759
856
411
91
850
112
537
44
854
505
110
116
279
831
307
678
911
206
125
308
265
898
842
141
399
57
614
97
172
676
591
534
496
529
242
910
693
405
923
684
99
637
427
254
777
755
739
88
845
197
686
652
779
105
486
521
438
92
218
676
201
887
108
670
276
399
344
639
125
360
40
224
910
396
237
609
7
147
536
494
91
662
126
8
388
175
582
624
537
175
809
211
647
643
243
935
349
704
324
61
673
915
583
409
36
758
354
505
515
430
846
26
660
884
666
884
518
430
783
892
911
192
762
341
898
219
918
337
453
155
29
424
197
338
38
407
698
72
483
853
625
651
318
52
124
212
414
690
296
149
58
122
196
260
894
615
820
89
464
612
816
860
663
867
621
203
337
245
429
139
792
26
701
282
856
92
128
59
630
853
684
449
108
110
14
692
947
452
890
86
223
872
754
346
390
596
568
511
755
718
581
315
511
594
704
102
919
922
7
457
565
30
97
817
919
642
425
395
641
881
196
409
866
820
515
134
54
316
926
133
810
708
242
526
541
55
639
192
332
512
937
2
629
586
339
346
468
331
345
947
312
402
946
812
70
150
677
925
92
505
542
224
192
326
217
107
834
847
136
569
897
517
322
763
206
41
703
225
138
823
720
265
723
712
829
843
666
430
518
582
144
864
321
916
39
488
631
284
645
500
883
931
785
256
607
100
111
656
782
409
318
467
584
886
478
601
382
114
353
269
765
649
137
350
749
831
732
350
603
585
192
539
589
714
177
488
298
758
336
605
489
4
353
691
234
156
560
266
352
549
481
610
683
732
773
677
313
785
862
565
344
828
206
556
606
750
806
472
825
440
129
478
289
922
193
504
78
793
503
717
801
368
296
416
914
344
521
140
583
332
202
592
602
253
567
167
663
330
726
820
350
24
879
281
125
515
852
868
644
133
228
901
209
163
315
760
703
523
896
188
179
380
802
227
429
145
896
217
823
156
39
463
288
609
868
638
682
328
732
209
572
101
28
835
567
416
253
440
438
476
657
512
551
887
105
939
507
926
871
934
346
111
37
193
172
689
946
534
370
615
756
298
648
389
313
859
236
301
518
106
670
849
36
936
359
221
339
763
468
429
71
864
564
559
337
290
205
555
72
66
401
567
26
587
207
224
208
362
478
109
571
23
15
226
196
556
513
37
533
873
753
530
830
178
283
909
839
782
606
642
932
343
621
923
668
187
510
514
932
704
233
315
471
702
567
78
387
728
306
222
167
497
443
6
63
101
656
612
77
452
370
734
805
69
692
2
797
765
315
478
67
618
90
700
438
485
268
18
480
383
868
777
538
399
349
382
477
713
127
169
129
245
171
682
609
580
438
830
875
881
765
487
605
483
269
736
211
143
642
29
360
385
336
697
488
22
236
652
761
622
198
26
891
611
171
492
244
512
738
248
810
785
859
227
577
904
202
885
839
456
479
521
750
200
18
848
537
182
920
222
719
302
851
635
127
248
837
865
420
921
671
405
247
747
87
131
680
112
529
353
878
454
821
786
949
637
929
142
877
8
329
257
832
914
404
615
484
17
41
906
796
726
590
108
792
212
394
622
815
840
544
913
458
541
291
631
544
873
356
198
932
907
27
412
685
714
229
761
498
115
742
160
852
288
275
655
689
513
111
252
155
549
574
798
211
373
713
556
134
503
140
879
413
139
498
78
201
671
75
110
935
347
2
467
54
326
321
334
101
683
897
266
511
714
774
832
281
677
504
883
745
564
913
376
807
461
706
201
14
87
459
151
445
313
876
537
480
913
795
240
462
257
773
536
689
621
927
46
726
100
317
811
715
759
468
946
571
2
459
398
188
420
906
2
743
443
695
460
390
160
333
388
722
835
678
241
35
625
65
623
678
358
577
769
658
373
441
524
18
587
363
710
568
592
484
85
399
729
574
934
80
699
680
414
202
162
139
548
834
509
39
521
749
470
560
171
640
627
89
722
596
152
239
663
769
392
648
514
697
74
776
730
250
215
100
734
812
663
187
323
702
523
95
623
614
357
245
920
494
41
935
484
576
102
724
657
769
490
370
540
672
502
447
138
855
798
902
9
772
527
802
858
241
846
397
291
180
696
473
640
383
314
409
830
344
384
592
818
168
734
726
737
684
153
922
908
323
817
49
336
530
605
221
837
311
443
679
739
467
929
403
527
201
23
485
580
73
412
503
148
458
544
940
473
98
229
609
247
866
808
910
687
754
70
10
458
849
428
15
902
848
482
327
575
537
92
938
25
577
334
655
204
665
766
46
155
860
274
452
126
429
831
166
762
682
495
865
399
187
80
926
73
292
714
551
630
736
801
113
827
886
944
582
66
342
408
369
368
914
711
521
261
54
360
321
362
439
454
859
574
47
527
232
582
354
289
666
16
43
512
831
312
795
288
39
393
154
736
523
656
783
840
632
281
611
647
106
577
17
452
587
542
159
112
619
268
644
643
592
761
276
776
264
676
938
674
146
266
543
311
320
784
782
275
449
191
866
21
504
849
120
298
757
796
924
309
784
575
246
665
850
689
3
452
249
438
349
692
850
585
192
483
440
11
122
302
611
487
449
212
201
381
787
454
821
810
904
717
688
247
399
806
258
538
807
763
916
192
617
594
758
547
889
62
213
522
910
397
5
731
108
339
340
535
183
787
892
895
737
883
539
928
732
482
402
129
78
735
861
514
113
259
673
263
931
734
119
860
573
109
361
603
105
353
452
811
888
368
878
259
404
19
617
480
198
567
484
216
361
21
857
287
734
98
738
281
260
579
381
128
692
462
762
570
773
427
696
678
746
176
49
48
719
20
431
166
306
776
76
557
428
833
877
367
622
517
29
198
669
521
403
563
317
766
337
699
577
82
335
451
757
635
603
161
72
705
420
192
792
470
904
320
482
11
132
509
904
382
690
408
73
431
46
677
211
396
638
785
288
220
949
543
571
733
309
437
256
101
194
871
200
634
152
935
919
656
661
99
290
19
859
812
892
735
369
486
608
403
763
434
839
790
908
941
41
40
42
388
208
65
528
206
626
765
724
737
897
731
825
266
799
824
699
342
855
417
729
607
726
243
99
871
320
941
95
454
273
524
332
228
167
740
25
447
171
263
392
74
749
128
657
484
367
69
758
99
73
732
696
168
910
445
219
592
559
630
565
910
747
368
109
918
298
733
788
173
304
405
915
326
672
486
924
649
534
210
29
873
574
918
447
178
5
381
345
169
422
541
215
893
498
150
705
72
890
441
431
636
793
548
869
444
565
364
562
497
176
879
64
481
271
591
740
847
227
106
89
555
538
304
367
309
802
548
826
81
32
243
920
878
479
256
392
775
634
302
593
561
203
533
240
276
375
194
342
800
232
932
758
777
13
924
247
744
946
225
406
699
341
760
528
476
244
143
150
641
645
181
344
716
511
831
778
438
89
156
871
453
700
260
487
32
128
260
168
389
893
553
297
615
185
4
577
489
374
821
658
342
874
93
439
747
758
691
675
129
889
57
480
576
644
336
95
870
869
287
695
492
604
590
758
84
783
668
779
893
467
736
843
268
342
303
599
948
119
276
8
665
511
889
557
743
546
878
194
175
305
321
636
595
450
342
41
268
122
881
292
243
493
933
921
898
848
38
205
451
891
509
566
828
945
907
178
121
791
857
791
786
429
600
733
621
207
130
696
154
807
865
630
282
822
609
792
253
741
210
543
274
895
193
138
136
482
468
655
912
309
412
898
345
269
533
564
310
887
914
420
621
216
755
768
283
119
916
261
3
178
532
596
316
27
345
380
274
287
812
912
800
381
750
223
256
155
786
470
538
864
24
852
101
326
816
654
896
527
492
314
64
348
587
645
889
259
703
336
428
187
472
196
839
173
891
159
565
444
636
49
465
595
51
674
293
57
787
815
65
687
364
811
683
195
799
556
601
614
510
311
504
696
290
455
401
317
546
597
859
98
150
816
627
435
900
678
365
765
179
573
307
687
359
265
876
471
534
251
420
682
124
223
811
497
651
673
738
177
570
914
584
286
344
644
775
195
237
458
451
205
919
38
152
396
530
944
412
793
206
817
382
576
274
282
191
97
801
490
906
873
580
430
898
637
52
34
820
543
178
134
685
752
862
34
627
604
356
831
438
859
938
813
782
922
437
932
517
619
100
262
437
260
727
51
629
226
319
48
424
184
465
49
674
825
798
94
594
324
406
899
751
852
842
13
415
886
21
820
934
128
393
741
554
645
281
32
254
35
77
893
536
809
93
300
455
277
165
792
402
290
938
314
496
2
279
175
834
792
39
164
242
312
458
931
303
374
68
815
811
110
725
34
933
32
157
10
601
522
161
940
256
207
756
453
811
98
640
413
122
199
339
692
402
3
669
404
334
396
211
796
73
739
8
622
801
905
532
931
93
458
527
601
91
850
628
179
323
831
556
553
187
383
645
94
720
147
378
456
132
43
73
357
454
12
431
581
588
506
260
296
281
558
882
188
733
630
777
326
542
329
943
249
48
533
453
432
568
879
83
19
604
502
280
323
356
447
528
421
357
325
936
284
442
449
219
63
916
119
63
741
461
381
835
213
438
207
543
128
43
20
625
519
211
414
445
782
722
664
6
461
157
942
614
312
622
66
452
660
926
462
851
430
810
369
160
586
891
107
852
87
609
152
3
500
471
513
845
647
282
35
381
390
460
813
397
397
612
355
595
790
698
441
833
760
245
24
141
396
924
305
943
129
599
857
468
270
130
516
452
170
205
510
397
577
637
548
945
672
240
734
798
356
911
689
87
484
170
650
92
900
66
371
230
464
947
474
233
216
129
545
572
632
568
702
258
908
129
796
841
198
888
62
892
261
655
771
594
879
325
313
914
263
878
555
636
224
428
491
622
917
868
511
99
777
112
878
150
573
534
536
595
377
939
264
584
742
804
424
501
780
551
847
188
223
494
576
322
75
597
785
335
303
646
552
700
922
62
915
694
775
264
398
305
355
402
740
49
758
100
178
568
274
141
708
91
713
780
89
808
769
830
687
536
635
10
657
873
381
116
738
906
491
689
613
912
695
834
794
364
386
799
351
522
601
485
239
946
794
326
838
807
943
464
776
651
450
65
8
370
410
448
343
341
400
447
160
788
349
118
203
935
133
249
93
724
704
570
566
576
226
164
300
201
713
687
516
733
575
931
585
27
738
510
327
785
35
899
394
285
288
181
692
297
398
439
650
459
153
21
144
246
457
77
19
407
204
739
53
303
164
910
523
363
695
96
188
385
503
310
920
525
394
16
803
874
139
92
126
151
160
22
783
937
436
849
549
571
620
856
31
359
921
150
756
655
125
127
30
837
323
779
481
693
506
506
156
23
435
270
617
144
870
725
766
737
919
537
729
426
534
149
569
644
910
843
212
282
112
405
246
413
486
239
393
834
524
249
539
392
173
780
39
95
590
595
359
319
261
97
699
735
249
786
591
114
202
851
843
801
945
728
171
735
927
696
209
305
810
568
696
465
705
43
138
734
513
209
450
730
478
911
689
119
385
400
331
628
597
239
313
942
577
457
717
605
556
874
642
632
807
567
74
232
878
9
96
635
171
821
141
219
655
266
750
692
333
393
583
761
445
305
818
864
78
20
203
909
286
720
634
905
515
320
851
653
531
146
245
431
575
838
365
351
362
387
650
707
539
215
325
398
22
109
601
806
568
61
777
479
915
127
552
884
340
766
499
832
819
490
658
71
172
435
709
533
438
114
648
359
18
736
586
535
644
617
898
817
265
256
389
850
147
918
867
778
468
97
866
581
226
858
300
393
652
90
422
460
536
240
260
916
97
667
591
223
456
839
67
791
602
664
402
918
123
118
581
117
567
17
831
251
46
905
116
16
145
85
935
172
325
286
455
752
433
122
759
412
377
461
704
847
860
503
346
56
587
44
586
809
36
312
543
541
827
375
860
160
569
532
524
749
248
102
316
832
831
273
277
157
867
235
407
61
524
206
171
204
79
513
869
614
138
567
742
758
137
122
63
223
106
471
157
55
9
205
664
106
855
870
517
715
322
905
324
707
778
151
438
558
737
270
683
526
814
770
888
591
645
367
145
801
233
82
206
396
945
77
596
403
281
426
371
208
930
350
15
470
363
403
764
401
800
364
316
154
5
597
458
501
137
692
440
766
58
374
943
422
391
99
498
595
284
219
129
10
480
743
809
27
728
8
233
941
256
872
268
439
463
599
205
560
537
623
710
462
486
322
9
150
355
852
843
537
276
406
472
220
919
85
646
426
96
228
247
386
694
888
311
322
836
33
185
669
485
916
552
491
212
692
560
924
468
245
920
34
585
97
163
174
440
215
37
879
537
822
297
106
216
238
114
806
647
137
806
717
586
51
620
888
686
908
195
309
72
519
619
837
826
929
737
943
559
250
383
109
884
930
599
741
931
7
116
479
401
514
392
271
484
875
14
384
230
943
681
864
559
776
280
161
470
929
661
745
532
417
185
110
483
182
156
192
771
115
682
1
72
421
237
809
47
572
516
24
124
518
517
860
720
2
194
596
262
854
556
533
733
738
883
438
237
17
584
949
405
623
273
912
417
163
648
730
498
436
35
203
346
273
188
362
575
370
321
17
624
945
102
442
101
139
811
408
24
202
655
223
630
184
187
450
571
780
659
285
920
311
914
820
202
266
731
530
246
34
190
694
521
175
316
221
797
457
518
409
214
367
414
24
230
363
291
61
691
638
307
554
703
704
380
335
110
881
50
655
810
26
560
295
733
220
132
362
369
211
827
324
692
902
310
482
587
655
450
242
625
257
683
119
398
401
770
204
701
682
2
721
278
405
693
711
69
389
229
93
661
93
156
903
429
113
52
865
751
454
832
579
159
812
105
949
585
126
440
538
792
66
171
713
343
307
419
239
538
598
769
629
34
641
487
136
525
286
310
1
762
933
559
917
429
893
236
623
155
259
484
699
834
139
535
123
476
277
866
743
43
25
565
839
904
602
416
427
815
847
78
42
88
102
880
79
778
301
667
187
389
749
92
656
486
496
513
208
656
195
190
690
714
251
103
573
309
847
143
458
19
119
348
624
661
495
265
622
375
424
630
415
807
654
560
626
362
400
598
704
194
665
881
873
135
866
482
734
378
843
754
853
391
398
690
835
540
378
456
420
777
614
820
913
611
471
528
105
133
388
677
829
499
759
381
566
461
28
949
902
137
578
875
754
153
305
18
286
665
78
881
753
636
269
424
310
260
923
724
514
540
616
434
499
928
551
206
571
37
542
848
796
621
162
610
890
680
666
937
413
703
737
18
720
551
857
882
467
856
286
410
765
648
396
623
280
47
627
703
487
85
556
205
411
301
252
872
309
635
786
205
124
529
591
65
570
264
307
754
895
188
438
307
221
774
406
866
640
852
190
201
377
667
477
211
630
519
515
181
632
40
440
618
809
295
625
255
893
697
476
57
31
100
336
533
414
467
15
286
939
763
639
817
371
540
759
331
454
806
420
161
102
541
662
147
370
823
130
748
195
551
226
709
827
506
930
530
770
414
562
206
568
225
413
524
609
546
514
191
791
437
543
235
554
314
892
678
15
913
353
90
50
669
709
84
912
814
145
502
163
548
403
121
110
941
597
375
352
731
175
277
667
811
478
255
866
277
750
647
329
649
41
234
818
409
583
588
303
779
363
286
460
379
55
569
216
730
178
155
138
561
396
549
259
165
686
453
820
299
187
792
711
119
321
669
637
849
931
363
741
861
256
442
570
599
480
847
346
155
691
461
714
873
626
949
232
748
222
18
323
676
942
938
563
901
316
141
197
784
207
43
871
640
422
129
398
458
346
417
83
714
555
310
481
804
205
922
675
149
495
108
658
170
535
515
459
273
223
634
74
351
376
27
749
315
809
5
738
910
575
801
519
650
212
70
68
864
861
463
315
340
179
175
477
209
186
706
907
21
839
472
258
97
782
342
338
224
479
442
182
803
267
835
525
192
429
184
83
125
221
631
664
773
669
756
535
946
755
637
38
788
591
261
603
142
922
223
439
171
197
479
30
928
400
538
76
310
329
837
543
738
73
672
383
587
604
134
819
687
360
577
208
225
7
502
473
130
564
737
235
840
497
89
182
310
58
389
416
594
711
339
132
721
834
801
113
643
259
577
234
8
808
672
799
311
766
216
350
109
91
318
203
321
174
510
542
609
399
610
812
729
29
845
741
678
614
384
402
528
170
402
675
217
354
108
730
643
329
551
153
458
316
867
745
541
548
539
853
172
40
552
472
820
924
716
947
669
372
453
421
59
357
849
14
179
380
183
682
840
919
169
91
127
593
191
496
922
679
904
209
755
747
62
535
128
410
646
635
900
867
567
340
440
374
382
365
579
655
358
446
405
670
321
809
205
176
496
343
435
283
79
92
303
75
556
139
81
783
16
180
894
697
833
410
676
94
632
263
611
377
290
39
714
666
257
325
925
389
439
583
136
916
733
831
311
119
162
569
457
102
880
849
656
648
901
529
305
10
857
874
407
18
43
182
457
274
43
286
631
355
576
301
307
186
770
926
863
107
853
577
946
465
437
293
342
391
639
769
332
287
911
561
497
392
883
373
420
71
186
581
587
757
555
274
815
654
408
835
1
308
262
224
132
455
566
672
87
412
492
788
214
435
819
90
811
134
252
635
902
75
280
402
677
188
91
122
6
653
808
507
299
596
520
757
590
549
425
112
753
202
126
512
371
539
850
211
929
88
898
765
754
167
612
101
399
483
596
101
444
641
90
414
617
499
664
615
798
687
807
925
645
744
310
733
559
473
56
704
846
368
440
521
279
309
570
186
178
556
710
579
141
8
582
868
45
911
160
455
808
48
458
32
106
934
474
867
549
147
431
125
422
70
12
705
240
701
415
114
638
930
730
495
919
547
802
659
82
825
585
679
793
701
371
711
311
236
524
690
135
305
256
228
864
124
53
372
823
637
175
714
283
376
468
741
903
62
719
946
316
269
488
790
666
511
509
304
541
737
528
905
13
364
385
862
323
582
431
494
759
110
116
560
338
230
301
345
275
772
698
248
700
144
524
797
441
313
78
249
667
665
217
366
75
213
879
328
614
284
490
259
581
222
483
354
161
934
146
613
337
22
498
912
583
124
56
69
880
354
292
653
249
907
576
170
400
849
912
142
937
66
19
73
671
640
671
810
290
807
629
608
659
651
83
11
478
452
262
383
75
151
202
461
17
387
62
578
752
850
650
900
67
657
774
107
737
837
457
108
614
822
39
192
868
312
48
911
858
254
617
108
755
199
794
589
123
149
344
89
446
198
671
69
263
922
105
530
484
68
388
18
917
258
336
691
126
79
20
483
920
25
666
852
155
318
729
772
895
101
856
145
497
741
659
260
330
346
570
832
712
243
768
400
817
410
225
819
583
604
407
666
860
851
96
587
130
850
33
776
381
540
13
589
800
920
100
240
652
161
806
277
934
534
909
850
440
570
609
691
47
612
62
269
380
139
899
452
149
452
734
504
95
546
5
620
656
213
396
553
643
90
146
727
549
85
903
254
932
309
453
71
107
729
900
480
816
411
878
148
820
877
791
211
165
28
690
559
749
233
861
910
373
854
857
803
630
310
255
541
160
429
845
520
296
934
697
27
175
520
128
704
367
262
606
644
122
351
693
841
829
635
392
859
439
912
704
600
343
261
672
504
88
465
156
681
550
850
503
527
918
879
527
250
429
795
428
615
748
256
555
754
861
597
77
344
611
289
470
439
251
280
171
556
30
340
3
404
319
546
889
599
207
159
561
522
23
923
428
923
644
186
712
735
923
29
836
606
818
763
868
672
706
894
934
854
946
557
42
623
346
608
426
273
503
58
854
532
299
93
741
163
315
663
151
546
165
646
41
376
617
96
53
257
236
120
793
161
10
231
229
523
371
279
296
694
888
850
921
558
481
517
439
208
780
294
582
906
806
276
874
157
264
883
29
143
101
528
754
748
539
626
254
319
860
14
173
424
434
706
590
268
796
725
340
150
559
344
691
592
212
685
550
846
279
841
545
776
802
460
162
313
945
221
865
923
551
562
266
844
28
556
473
717
704
264
766
417
883
783
558
708
802
631
289
219
581
252
945
363
936
508
204
263
413
834
406
280
497
600
828
942
224
294
839
516
195
514
87
663
168
358
714
291
573
119
631
24
41
761
612
531
139
155
900
151
112
551
839
95
483
865
37
415
509
157
183
313
4
68
406
760
461
236
520
207
304
706
687
210
110
8
792
325
739
229
881
179
537
220
448
81
249
526
829
771
277
562
865
641
158
854
726
770
104
3
925
847
372
166
879
406
793
108
308
850
901
373
662
15
641
541
67
489
839
202
253
707
817
248
59
660
160
686
147
556
834
275
640
201
351
7
197
897
839
502
484
402
759
20
461
427
349
433
86
293
178
449
495
672
702
4
29
546
124
253
642
643
289
776
678
164
884
503
744
647
399
33
535
572
567
470
944
49
324
890
232
577
610
906
276
847
560
943
318
493
770
797
577
863
108
205
830
422
509
467
713
475
323
410
207
639
621
682
213
271
335
692
172
654
113
651
607
843
492
798
488
581
631
265
138
32
676
850
272
680
381
596
785
134
6
660
621
419
160
522
30
9
902
728
164
348
764
799
519
37
888
158
910
437
738
203
296
301
251
379
504
475
60
8
556
390
439
577
460
16
837
268
475
99
728
261
150
750
369
191
132
134
564
382
67
383
529
74
244
738
216
198
707
881
225
604
558
947
891
297
910
678
743
17
927
833
630
867
433
537
890
530
449
289
655
395
460
751
414
514
839
248
322
203
175
849
138
930
856
439
612
811
236
247
180
907
666
451
702
104
872
200
915
867
172
872
447
362
891
379
628
841
446
154
530
252
717
418
736
411
883
795
12
86
885
853
493
549
735
201
598
922
462
841
189
271
374
370
465
348
154
228
109
944
485
623
730
145
752
529
73
297
461
514
771
477
90
412
348
864
199
300
840
580
422
78
726
737
708
477
566
497
277
165
304
576
160
133
47
264
566
532
78
370
782
697
280
679
338
706
641
427
488
860
282
211
47
444
45
412
673
508
67
134
532
89
467
491
404
2
378
137
556
878
503
437
885
257
185
561
729
317
384
350
345
290
535
590
419
355
512
191
49
611
746
161
14
473
558
855
880
24
552
799
738
359
934
876
76
376
263
247
114
405
135
259
413
368
831
906
655
749
551
206
877
944
33
390
700
237
84
86
190
547
798
200
921
64
448
605
398
471
494
15
248
674
215
438
932
720
565
277
848
874
870
304
495
489
227
933
181
754
494
709
803
53
97
654
428
646
223
375
181
676
38
79
487
16
837
473
70
232
366
140
364
567
873
775
901
35
748
914
68
322
742
132
141
44
341
286
564
568
577
415
491
233
255
244
70
340
846
723
247
493
841
906
419
171
44
761
24
340
562
515
75
593
314
719
482
727
58
355
642
630
379
19
221
400
795
513
890
539
541
913
468
427
878
84
835
749
914
428
228
604
730
363
466
235
152
76
160
136
405
693
271
575
788
146
902
436
189
669
119
213
218
626
354
511
788
486
705
407
904
57
519
939
689
99
49
574
9
881
719
755
719
449
284
331
607
948
262
353
35
338
147
769
651
525
655
779
537
752
154
926
408
891
253
191
674
653
905
630
378
805
229
806
108
909
332
465
3
625
204
299
870
832
220
302
49
206
259
701
318
491
526
73
552
177
99
348
743
339
288
757
673
867
318
677
306
644
910
30
735
730
298
206
664
116
524
267
392
545
852
620
54
728
251
776
123
796
711
648
23
438
786
192
763
627
182
752
247
292
642
547
75
312
121
795
54
490
256
776
756
159
124
17
458
595
387
849
469
350
384
627
552
466
169
203
104
142
241
699
195
720
308
249
609
345
912
336
90
609
214
58
595
23
95
119
286
349
90
171
753
283
167
78
428
234
177
696
668
288
544
176
499
463
312
294
28
820
442
140
264
666
916
206
186
251
262
301
50
833
225
865
249
926
717
578
634
857
92
675
194
536
517
760
805
221
97
142
541
216
550
459
829
743
85
942
136
860
577
908
158
319
302
26
856
770
389
677
892
415
922
614
662
486
283
83
495
857
146
332
816
314
793
425
640
787
757
100
665
279
81
592
60
817
40
395
319
910
495
659
567
264
608
21
591
38
255
96
416
242
738
168
463
129
166
700
182
658
426
192
910
901
6
896
671
659
333
911
472
868
834
295
915
6
760
207
305
448
715
428
376
296
576
301
615
762
653
333
823
700
502
255
733
506
613
514
468
839
743
81
152
102
191
924
858
794
327
57
883
542
357
25
251
419
475
193
586
84
937
527
736
286
473
895
452
820
181
944
245
761
103
506
642
500
739
386
418
374
533
324
276
148
71
571
547
872
373
232
6
284
684
440
423
46
768
773
379
915
76
552
836
103
282
182
688
908
143
299
633
618
853
697
435
481
754
619
304
414
529
860
40
137
429
773
909
107
352
77
112
935
799
734
326
632
869
687
417
370
746
58
237
88
781
303
424
738
474
559
946
160
919
395
391
418
634
444
581
331
452
546
301
948
228
898
728
396
215
848
243
689
643
685
372
559
40
556
475
651
53
738
473
612
157
186
223
796
555
382
193
407
39
113
762
76
890
399
433
518
729
797
39
494
902
595
279
815
311
550
685
54
457
287
361
423
292
528
358
471
245
155
192
62
246
523
752
450
555
718
304
789
516
716
37
197
357
481
464
259
156
437
176
88
255
518
96
505
703
861
494
254
147
71
825
808
894
929
355
92
653
495
240
161
886
911
266
581
567
27
681
456
387
121
463
141
850
882
785
208
9
845
580
487
262
155
378
917
78
61
317
534
842
848
89
748
250
433
119
800
447
497
673
279
193
35
406
145
208
865
135
395
539
481
167
553
172
676
701
431
664
324
322
792
673
780
180
777
941
796
919
108
213
756
580
428
458
332
821
72
404
781
826
870
819
425
290
404
10
86
553
742
253
181
572
643
894
440
305
356
937
374
26
614
541
110
288
379
763
568
660
787
846
70
753
400
659
241
607
51
542
356
175
88
404
60
901
307
418
855
354
584
797
417
573
732
152
550
311
352
927
829
775
141
292
194
596
915
499
600
827
797
709
494
265
461
68
145
80
943
461
76
611
941
462
86
731
938
101
338
876
199
104
876
550
855
657
314
208
899
7
707
459
368
109
627
264
646
228
143
266
869
203
53
77
82
864
345
3
300
605
129
930
265
861
47
882
255
697
231
446
517
147
569
866
564
631
752
95
47
707
936
810
103
303
931
836
375
344
698
211
192
398
802
270
619
545
751
420
514
408
293
36
750
929
650
852
714
744
750
288
595
939
715
21
910
451
382
247
578
864
260
321
150
657
406
685
326
885
119
428
493
563
425
808
250
345
598
879
459
902
37
515
191
401
786
420
601
586
147
556
555
182
279
337
150
469
721
287
402
88
412
182
347
936
715
564
941
209
246
231
702
119
940
205
339
240
712
594
337
871
235
486
86
508
204
733
949
864
569
206
811
818
231
478
676
933
331
842
486
259
74
153
741
526
19
326
467
171
165
479
833
75
4
815
820
30
930
112
947
831
510
847
447
445
798
82
909
291
222
455
308
201
876
773
226
221
708
723
716
106
449
378
444
450
674
364
206
635
725
186
173
535
603
678
304
606
446
779
370
332
9
635
476
606
4
315
782
484
885
646
940
116
675
807
480
432
28
726
867
306
507
487
151
395
608
272
199
526
287
478
110
27
876
748
481
652
828
835
908
75
59
849
944
521
720
622
397
885
173
608
572
895
165
617
57
824
390
232
729
242
613
385
388
301
186
575
474
269
557
313
836
101
857
259
643
129
181
282
463
544
553
164
477
802
299
121
36
428
579
845
844
846
195
222
43
130
910
203
691
848
199
138
731
328
272
798
746
9
456
678
557
254
899
184
320
567
514
672
231
415
630
363
944
561
860
620
636
517
165
180
455
441
84
608
70
238
232
747
323
68
246
223
227
918
671
275
895
663
131
911
932
534
65
45
359
445
432
157
567
269
922
456
35
662
261
490
303
816
586
33
842
876
783
349
927
779
285
433
48
933
38
654
835
657
920
210
461
499
684
233
917
105
915
469
346
540
699
615
850
317
805
892
535
101
427
605
680
381
572
582
135
21
46
834
768
696
934
458
751
730
621
203
35
225
282
618
179
481
891
486
190
774
549
564
481
622
585
781
642
327
526
622
475
607
757
811
318
912
491
832
399
524
687
619
510
92
332
381
356
511
4
497
580
688
291
839
666
523
77
916
351
270
420
533
169
843
137
870
489
455
487
716
411
291
249
586
529
734
229
243
904
870
643
446
573
430
599
689
37
408
66
211
193
840
881
142
671
730
472
438
805
140
382
199
926
241
808
101
907
905
1
610
710
796
545
761
647
249
744
763
490
732
519
918
438
247
264
253
283
755
898
357
85
205
844
756
764
449
910
781
188
144
940
659
14
877
362
721
207
895
482
339
352
180
175
785
670
56
169
20
404
722
898
195
768
908
532
743
927
719
439
449
193
673
194
189
253
407
938
164
204
802
141
804
146
171
239
570
683
343
188
932
758
315
82
217
168
844
846
759
534
920
471
150
902
557
630
108
229
444
704
512
666
68
817
43
376
234
702
63
568
739
666
132
253
33
534
200
856
715
447
53
901
483
269
898
44
409
161
122
430
462
636
790
445
829
27
480
29
852
207
148
143
667
258
868
377
107
310
215
134
386
843
836
323
919
314
618
871
853
98
372
157
598
592
115
758
222
466
852
878
160
327
858
560
653
332
524
40
468
493
702
70
559
865
440
642
51
73
96
630
420
895
357
391
728
947
691
382
94
403
920
568
261
864
744
356
886
398
801
132
829
829
779
12
98
598
353
59
219
436
845
267
204
909
583
509
661
531
691
595
379
540
773
661
695
206
766
354
339
293
538
939
896
745
758
556
479
210
843
233
84
813
868
104
257
513
826
671
371
883
435
226
440
673
924
806
732
115
530
790
814
606
105
34
572
648
576
160
771
516
192
241
646
434
875
792
527
853
405
754
291
133
70
199
66
435
761
473
924
818
552
479
604
875
444
711
393
393
167
655
106
644
90
476
41
907
653
121
545
80
479
802
664
946
255
186
229
695
14
331
925
717
384
70
810
643
457
892
336
214
849
832
932
675
676
21
14
574
886
639
249
663
849
84
847
884
808
834
846
270
366
750
554
686
643
84
680
172
851
490
850
566
660
609
604
300
356
431
616
541
700
877
122
903
604
86
450
849
71
722
800
945
218
389
620
333
923
913
97
599
499
76
923
827
150
384
751
303
620
873
319
201
596
629
251
765
173
567
280
49
832
469
323
225
667
889
686
614
718
775
275
491
599
145
683
284
40
666
702
802
896
794
792
863
537
828
22
887
346
297
174
772
737
448
567
56
115
484
766
805
568
682
682
768
410
897
735
241
463
796
825
753
234
724
195
160
767
114
595
519
581
435
532
489
91
208
774
893
154
646
297
777
325
32
861
95
17
756
719
369
312
95
698
909
117
834
266
281
658
337
229
612
456
572
354
70
870
419
707
588
475
856
212
415
607
563
115
669
739
269
196
670
848
89
395
592
838
446
332
333
902
208
686
36
281
730
130
846
676
435
756
798
339
830
361
853
308
618
543
352
768
547
684
460
226
349
82
861
449
525
509
921
238
158
563
443
382
725
131
95
157
625
564
634
319
816
182
669
753
400
123
755
280
377
780
297
459
48
322
292
130
363
696
825
706
652
510
758
464
787
330
358
723
324
847
113
323
251
762
907
658
440
484
365
20
694
547
761
819
354
873
647
80
27
857
556
561
85
819
522
149
814
666
283
685
481
161
512
127
895
248
560
367
167
488
150
935
782
103
829
906
709
227
716
252
742
852
929
139
575
920
735
358
207
153
44
244
99
504
829
86
445
549
889
192
746
119
293
647
898
5
99
873
861
559
97
160
568
793
25
306
215
848
490
652
44
879
581
80
541
297
404
804
750
2
337
662
169
118
436
630
532
565
657
758
433
244
519
469
372
609
390
471
332
725
914
37
494
486
605
353
878
683
821
449
807
522
200
570
648
579
143
335
257
389
322
656
27
31
182
83
186
608
131
98
686
322
195
607
171
916
526
564
545
577
475
479
280
597
711
60
430
571
624
688
849
825
244
618
163
593
866
23
555
715
2
515
281
226
872
796
928
181
868
463
574
11
634
304
839
103
338
312
294
794
383
157
397
867
302
250
662
565
534
947
212
636
716
595
900
394
10
767
258
580
665
356
361
44
496
76
416
233
484
103
431
86
161
135
569
245
180
611
564
752
406
241
601
260
694
574
846
777
125
919
136
709
271
556
20
896
435
282
942
734
178
609
121
896
308
322
824
94
85
375
642
15
167
589
64
605
588
691
527
845
1
872
708
877
719
595
685
888
681
216
193
768
835
351
720
111
273
707
799
796
450
723
29
628
376
284
314
48
671
891
156
532
478
385
312
884
3
309
717
53
173
921
49
291
421
789
112
805
741
26
930
778
197
521
237
734
91
494
77
697
614
180
925
258
43
728
301
660
45
74
788
840
399
763
616
174
559
913
260
507
317
762
728
551
640
651
265
339
686
243
188
156
310
290
99
786
910
908
154
881
746
356
548
262
255
256
373
390
634
463
942
736
836
498
497
354
783
19
710
420
542
674
702
817
297
201
759
573
905
318
546
616
702
702
431
236
626
843
219
617
873
744
206
224
695
206
22
897
254
877
516
459
643
154
837
464
652
287
937
417
111
40
462
318
907
54
410
47
321
217
232
492
685
919
126
12
385
809
230
892
311
175
698
309
88
41
190
746
691
259
178
248
502
97
907
802
699
328
94
87
283
780
396
704
705
100
71
616
505
852
831
737
750
445
276
789
800
399
5
920
770
921
255
246
789
216
309
883
931
607
282
940
264
31
619
170
565
432
678
733
744
693
297
549
648
42
203
364
371
34
450
169
394
357
601
639
182
78
661
586
508
370
487
810
162
161
397
107
204
291
735
615
262
476
280
622
38
500
435
141
604
799
175
66
700
720
448
725
270
43
825
100
827
358
146
121
679
497
759
88
772
786
536
569
530
629
724
918
927
200
628
840
847
470
406
800
331
771
932
297
931
35
130
381
276
213
410
740
155
817
598
268
681
874
713
888
715
740
654
908
161
231
738
615
312
632
389
514
305
36
417
183
632
723
119
501
376
382
313
860
946
710
888
613
852
151
257
108
192
769
23
472
15
81
716
588
357
601
941
555
602
887
149
179
823
921
790
159
370
289
370
22
239
609
896
556
884
81
539
871
679
470
552
808
351
4
300
761
165
455
152
228
944
915
56
58
889
72
918
29
447
89
70
895
67
789
739
856
113
443
794
634
461
115
320
652
112
801
582
556
260
596
335
157
527
596
35
533
486
21
416
830
299
111
924
55
625
823
189
840
907
624
426
475
814
516
9
62
289
649
308
208
537
611
805
376
69
197
945
299
402
716
283
199
295
455
18
927
107
532
476
299
407
371
123
535
73
767
30
701
432
667
550
732
582
794
357
507
255
185
831
526
735
717
674
518
246
231
674
154
714
292
236
660
408
576
171
703
245
174
911
88
648
93
560
153
430
246
156
644
677
666
135
728
815
682
39
861
163
884
35
139
350
560
500
318
92
131
654
799
510
827
437
3
777
340
653
535
475
38
36
545
426
613
291
379
289
521
668
281
136
316
872
111
903
737
425
346
372
119
536
246
78
339
551
468
370
100
291
396
254
799
455
750
194
176
437
354
700
52
105
802
80
765
948
804
587
874
462
86
431
457
518
822
828
434
345
308
62
194
598
287
458
106
357
913
340
789
434
132
69
556
499
212
497
244
886
285
798
627
64
901
730
555
467
750
322
716
825
105
337
143
665
626
560
52
455
469
640
219
310
205
809
554
118
126
464
321
687
834
398
794
870
822
642
643
29
507
502
502
736
442
888
654
129
525
615
661
384
672
683
647
70
177
830
677
605
273
127
823
1
62
534
659
320
764
656
101
373
360
462
30
479
47
138
939
569
90
164
306
579
569
481
451
495
298
71
242
164
73
729
40
732
756
787
765
408
94
419
285
124
650
591
30
851
401
395
490
202
199
229
448
855
931
132
610
119
466
151
10
43
443
913
480
158
899
839
29
502
189
930
946
515
506
938
199
184
508
484
542
471
161
886
283
219
418
845
230
659
774
265
786
100
879
199
73
470
882
693
835
261
621
79
14
482
927
178
895
914
570
480
570
755
613
679
739
648
887
513
741
379
359
686
533
853
104
879
118
841
892
947
627
242
756
614
111
900
773
575
178
936
466
789
184
543
461
249
46
162
337
765
834
443
34
26
137
882
436
624
619
217
788
604
483
232
552
663
40
21
885
357
387
276
447
725
756
185
557
606
603
314
542
770
624
668
319
83
703
537
126
558
564
23
770
48
819
809
413
108
384
347
359
390
338
676
694
27
609
568
865
265
516
940
756
176
490
96
4
834
258
503
644
720
650
150
763
323
587
899
210
920
936
643
633
410
688
192
336
712
84
654
252
617
195
203
773
372
57
549
491
204
371
181
928
573
545
97
929
438
230
528
579
337
455
680
140
303
925
342
6
632
352
579
8
139
871
307
637
413
355
828
318
549
108
672
9
551
69
675
198
2
927
428
535
105
341
368
875
264
523
292
236
475
620
202
81
890
542
401
184
714
613
95
390
525
350
470
702
475
734
75
209
790
401
593
345
234
183
231
815
844
743
329
897
195
898
310
473
779
846
413
360
746
187
561
463
477
446
632
767
288
301
455
66
353
310
488
137
482
250
931
384
549
54
569
206
814
778
303
813
643
942
225
132
238
819
804
719
786
694
355
814
67
414
191
846
177
126
383
699
617
675
166
886
593
326
675
291
10
458
713
187
651
272
926
722
712
275
12
559
43
477
126
456
708
85
115
944
487
336
584
82
270
180
817
441
421
668
658
830
414
433
326
600
221
40
769
736
945
43
409
648
912
946
200
116
33
939
511
98
669
560
154
103
301
547
854
351
549
918
530
354
415
179
893
4
758
343
123
54
440
931
88
790
291
295
947
124
555
368
771
367
303
934
108
218
584
847
866
248
516
296
511
31
591
78
489
157
836
658
761
492
7
784
840
485
237
137
111
557
444
806
179
58
14
478
569
113
691
725
104
594
102
27
684
429
464
571
516
329
416
307
424
297
893
115
673
223
832
187
305
410
838
614
274
695
486
640
50
395
402
700
405
840
464
213
692
784
659
196
804
323
944
878
668
793
759
204
905
475
174
394
762
889
8
357
261
379
17
940
924
289
380
281
603
271
215
891
61
828
380
743
87
171
599
475
129
372
684
68
435
920
478
567
741
373
206
379
224
434
690
407
842
648
295
358
844
130
5
208
295
9
248
685
423
721
591
289
62
263
192
902
248
200
728
253
809
777
271
646
587
471
812
705
334
437
512
519
82
304
848
559
476
786
870
843
717
347
682
659
241
510
405
292
339
533
785
592
250
913
675
380
898
619
889
598
787
666
623
201
771
445
287
310
358
571
368
535
208
754
832
517
817
442
882
670
31
792
593
325
485
584
926
556
259
194
263
370
284
369
22
693
439
306
533
833
85
175
530
249
618
181
634
780
405
53
640
151
527
248
663
218
645
5
949
319
277
283
493
687
228
695
140
448
622
584
27
883
252
613
373
717
724
298
857
271
52
572
93
825
182
422
165
645
4
874
98
116
705
654
704
912
3
179
338
341
139
528
615
284
605
579
775
291
542
570
840
267
915
34
524
483
383
838
828
756
350
238
624
346
165
153
705
598
768
187
818
707
280
82
873
252
189
590
606
554
364
408
935
205
503
623
807
765
122
34
439
724
133
307
848
869
384
900
601
778
57
198
542
628
439
683
445
32
788
610
527
12
13
551
831
197
201
310
674
931
160
415
442
519
498
694
642
571
128
808
67
761
913
5
650
207
899
887
431
621
925
564
56
815
18
924
549
600
106
897
380
143
125
530
513
756
823
942
63
803
885
10
703
794
169
107
97
617
360
904
751
378
627
133
580
598
601
496
566
11
828
284
435
872
743
732
562
39
239
655
793
451
296
778
614
305
219
431
372
893
155
401
720
280
115
167
633
242
781
819
375
145
776
151
609
190
927
852
576
702
734
908
854
570
783
803
328
333
316
543
855
233
665
839
757
182
292
448
445
136
647
120
442
337
645
139
595
641
824
136
235
749
456
911
201
685
28
79
793
463
40
7
190
304
846
840
161
292
256
611
87
858
622
893
113
760
356
160
346
894
733
402
179
463
849
748
359
914
703
663
865
506
721
718
74
540
113
788
113
118
192
947
59
736
942
582
790
860
424
192
717
370
350
350
181
113
600
389
585
669
188
697
120
616
448
880
880
885
617
598
135
690
667
420
34
755
37
166
863
812
594
7
272
705
341
245
236
493
372
811
570
657
242
872
857
179
929
432
602
450
751
780
626
671
677
902
280
576
819
165
506
830
571
591
890
458
204
499
523
536
412
686
371
933
912
536
179
843
431
132
7
243
503
160
14
539
627
536
567
454
165
498
934
443
582
528
917
201
377
183
812
615
748
630
881
73
39
170
305
576
927
713
65
355
166
347
793
66
686
440
386
125
342
86
527
913
456
334
614
646
362
95
55
728
118
868
775
840
339
427
907
35
872
543
902
219
43
590
186
592
593
784
302
419
472
371
847
54
383
537
718
644
408
491
866
591
592
865
569
612
31
205
880
131
222
198
32
256
195
633
12
538
656
215
548
848
283
933
443
833
554
433
736
927
822
230
249
4
61
666
842
295
774
860
848
80
166
582
677
663
724
44
808
629
324
586
53
530
550
179
256
683
606
401
495
855
170
673
267
824
201
303
705
817
160
210
790
411
491
867
501
764
883
400
34
158
928
888
810
412
567
544
864
625
924
835
566
727
830
433
935
583
209
659
765
37
429
7
129
519
802
706
846
30
21
622
65
201
486
580
851
179
357
716
86
170
760
286
113
164
643
837
728
86
188
425
419
10
78
778
639
295
770
326
474
698
445
198
509
468
288
263
815
391
609
548
575
873
934
638
314
219
770
475
387
526
304
875
464
377
733
653
835
631
450
357
398
391
391
865
414
509
589
634
562
579
362
388
330
199
587
697
492
479
333
908
302
640
729
723
17
133
911
258
498
689
8
464
908
629
752
775
514
161
124
569
43
562
919
359
566
95
139
602
423
14
151
124
374
308
98
758
124
514
620
589
919
527
749
857
154
637
909
645
110
294
171
862
569
583
158
332
73
825
561
903
107
534
736
660
142
628
59
724
149
100
800
691
725
873
578
661
817
448
54
648
838
395
523
749
294
790
784
894
922
816
737
309
94
903
470
818
267
775
714
108
401
827
889
99
301
7
617
494
590
53
779
66
508
415
33
294
189
669
65
528
399
279
290
626
819
471
297
119
834
430
144
331
791
709
815
850
466
585
751
834
101
628
75
374
234
277
432
537
539
602
377
146
822
496
188
29
666
618
781
460
263
576
490
921
571
145
621
672
149
884
402
519
444
699
665
408
415
635
650
466
521
831
794
67
748
743
622
138
11
752
790
578
404
709
28
338
295
340
541
290
115
204
483
58
152
843
329
850
695
401
777
229
852
864
485
190
844
857
49
429
666
767
859
116
925
787
681
873
289
411
754
306
554
415
817
593
267
544
747
914
581
834
941
520
809
262
533
901
883
570
852
635
761
50
938
550
642
239
436
699
857
476
360
205
65
402
493
336
313
352
648
131
40
773
243
868
323
569
773
863
102
84
431
772
12
654
374
709
116
10
205
45
589
237
393
601
520
322
478
685
13
238
355
201
553
195
808
479
825
901
493
196
68
352
247
641
583
503
704
32
441
129
507
592
741
353
503
160
940
365
602
722
264
325
428
447
276
319
472
802
486
584
2
290
151
460
117
936
312
589
90
17
39
390
429
334
504
766
106
212
229
343
199
838
184
747
189
9
714
125
231
275
499
462
369
834
346
742
71
548
116
503
447
225
767
898
164
820
575
858
36
463
486
821
581
205
595
881
423
372
663
556
456
408
142
590
701
228
410
427
399
378
351
767
499
845
464
335
658
726
236
432
701
212
493
543
366
622
10
139
735
222
330
360
439
792
396
225
109
285
709
201
307
199
234
596
448
858
666
602
595
252
502
589
146
462
760
808
749
335
16
151
863
675
195
334
279
155
749
487
73
843
892
138
100
949
206
560
325
837
509
243
686
318
584
278
819
783
234
90
318
710
849
255
800
200
773
287
744
14
151
867
864
877
199
512
371
862
850
719
301
589
54
885
648
293
233
590
709
625
799
486
35
442
940
766
332
916
749
33
707
203
158
210
350
762
678
804
928
306
179
80
178
195
645
868
487
333
492
264
254
323
233
284
521
358
443
913
318
489
300
734
541
300
243
213
579
483
701
484
869
653
261
573
917
22
817
298
673
297
553
326
872
532
320
464
163
128
841
495
829
666
174
133
193
583
894
368
123
426
224
720
926
94
907
16
11
811
269
723
495
617
251
496
916
355
392
649
443
603
627
848
124
768
341
485
493
41
534
678
825
330
875
329
867
748
470
290
184
386
176
140
697
169
805
210
510
282
893
324
618
525
34
65
873
618
37
242
790
826
914
417
174
834
393
461
703
697
81
833
825
479
107
451
945
828
842
738
425
599
869
534
701
213
321
714
479
632
373
190
905
428
698
761
293
892
869
270
881
347
293
659
900
234
423
794
191
653
720
753
556
93
729
629
871
921
726
892
770
632
102
306
448
739
778
750
503
105
527
666
177
222
21
309
542
748
870
22
143
267
249
316
331
617
135
475
420
503
720
388
80
462
842
302
616
93
919
640
57
574
182
851
735
232
860
354
501
547
333
153
581
586
209
400
346
908
778
378
3
176
494
673
929
320
757
904
921
118
328
708
739
413
916
711
900
200
667
701
939
609
389
628
181
24
658
521
245
405
61
270
283
379
822
942
343
935
414
610
726
223
266
65
890
135
621
557
916
341
10
233
679
187
340
838
470
343
883
466
791
235
33
99
43
893
257
412
913
408
770
592
683
865
419
663
603
356
636
73
55
912
727
214
142
392
149
826
239
69
549
594
192
128
791
91
77
39
135
932
410
876
542
830
175
609
39
1
590
516
196
11
263
7
289
156
802
328
146
103
876
76
223
605
472
214
431
120
33
281
410
141
498
194
934
925
746
133
117
807
847
874
808
632
139
357
645
165
903
398
684
8
10
723
275
873
649
194
123
435
646
390
532
123
363
519
731
593
181
617
133
610
362
212
775
727
407
863
344
647
503
46
721
770
834
318
16
546
495
335
738
459
413
708
637
715
56
948
99
344
810
788
480
939
527
460
219
593
299
203
784
359
26
651
624
158
723
635
219
167
60
540
921
51
405
197
262
337
519
631
364
536
416
853
59
903
455
191
124
409
621
28
581
875
627
567
304
424
353
550
191
481
423
136
804
348
761
869
825
487
341
564
335
789
121
205
490
134
215
816
786
694
575
665
131
16
814
115
658
193
333
134
413
742
181
440
714
610
351
446
137
183
794
621
34
420
476
117
650
531
861
409
521
913
790
296
782
138
617
519
410
401
60
581
15
343
107
148
883
764
598
836
309
131
709
38
726
471
132
158
500
63
909
200
591
668
747
770
867
690
428
466
920
235
921
695
200
486
729
223
254
531
641
880
846
80
272
390
284
45
385
889
368
927
23
458
324
237
547
171
207
543
541
661
438
107
472
688
322
28
555
433
649
925
524
480
330
631
686
458
377
239
501
403
92
9
782
10
192
43
624
687
797
876
326
767
38
121
903
868
76
796
316
905
136
450
642
279
138
486
602
939
228
291
788
70
538
440
25
910
368
729
29
255
660
858
97
79
91
605
444
858
59
301
749
383
363
353
761
750
929
294
210
449
77
471
272
462
75
82
606
713
332
503
616
151
714
637
411
769
220
678
476
374
418
185
163
606
636
111
488
675
174
162
203
818
697
497
701
813
809
246
252
386
350
135
352
309
883
278
490
149
867
439
141
148
337
125
602
209
271
150
751
345
882
697
189
269
544
172
140
600
907
532
10
874
366
481
727
376
840
60
254
550
775
801
204
821
444
475
820
133
684
471
541
604
166
800
347
849
851
24
280
477
241
380
753
766
127
179
97
882
738
811
121
527
481
875
810
918
509
365
758
33
584
223
728
541
743
717
633
153
568
896
888
446
217
740
425
421
239
165
121
697
76
407
548
58
679
771
897
288
45
390
23
383
183
377
724
409
34
575
229
523
862
57
692
706
133
403
380
894
516
749
707
797
155
715
615
633
139
82
576
94
508
499
21
845
91
127
825
933
116
623
872
319
846
901
79
378
639
5
439
565
931
329
314
262
559
183
908
832
185
422
419
658
855
472
330
742
433
200
439
898
65
509
734
72
617
62
882
22
404
408
471
119
844
169
712
509
809
725
305
569
931
841
719
838
680
400
293
336
536
812
767
415
264
851
403
332
940
472
776
839
415
546
580
774
776
914
8
831
231
168
667
597
164
162
681
439
654
198
634
55
369
903
695
589
198
160
865
84
591
858
536
769
885
601
504
262
688
451
752
128
447
588
273
269
671
207
97
421
18
691
772
370
74
569
711
929
606
889
57
343
947
386
4
749
802
683
590
208
682
369
877
310
348
265
184
100
562
732
635
766
848
8
118
816
360
425
468
890
892
419
597
495
692
163
291
434
209
324
252
447
216
531
78
859
665
152
764
710
696
627
728
196
55
309
928
589
148
538
373
880
114
709
469
368
525
525
867
81
616
415
835
536
854
465
900
612
665
860
297
443
629
418
108
291
421
506
537
181
823
472
713
862
859
455
127
844
105
936
621
211
58
669
697
702
809
937
588
629
614
848
583
694
404
162
557
432
204
153
60
101
878
832
312
9
239
858
942
20
187
93
571
922
317
796
800
879
446
612
908
450
785
309
784
69
833
91
695
442
725
651
170
67
600
560
475
464
130
686
77
710
245
722
730
875
389
904
554
113
568
634
685
264
14
90
232
453
434
256
143
463
784
557
343
693
38
402
808
205
244
452
640
474
223
315
409
694
176
679
303
947
703
856
194
100
675
725
358
395
740
436
51
73
114
816
665
592
451
409
684
234
846
362
161
508
348
29
89
892
32
870
96
510
732
220
499
690
522
684
232
718
700
333
704
50
384
559
50
167
222
106
640
83
363
438
587
792
280
304
221
78
331
673
74
593
560
243
580
775
178
334
623
299
626
390
736
384
457
217
718
618
444
316
470
445
37
835
694
667
748
37
150
412
571
6
71
130
534
937
940
271
821
644
418
26
180
483
338
675
844
556
381
797
809
224
877
812
914
945
900
905
401
375
406
381
822
593
464
926
206
398
462
253
910
426
720
797
877
566
84
337
209
618
259
151
759
135
707
525
690
113
671
393
736
64
891
882
404
741
444
293
559
4
812
651
150
687
97
820
311
814
761
721
853
504
194
610
869
797
139
248
432
573
31
257
789
488
641
203
178
774
663
931
137
918
21
945
863
862
639
636
821
324
357
845
293
465
121
531
371
738
102
596
430
832
847
705
831
523
787
200
935
667
434
541
808
549
599
157
178
395
78
468
167
865
237
412
511
384
8
348
76
250
795
661
210
173
649
902
588
213
362
250
708
162
621
816
101
460
71
605
335
479
82
344
901
539
147
492
111
403
349
772
482
104
342
882
221
357
559
465
769
457
757
631
523
313
614
911
868
196
392
212
311
373
557
96
261
731
822
813
101
468
879
323
74
111
598
712
170
833
391
101
662
267
193
499
51
935
540
821
291
249
767
727
323
156
520
147
263
881
98
907
212
309
392
53
232
482
63
99
634
152
736
448
728
522
144
159
185
180
732
269
334
7
681
787
902
611
606
715
129
210
313
46
370
553
43
807
166
406
933
557
234
672
245
714
938
569
90
682
876
576
8
903
782
916
233
630
769
403
395
525
904
744
89
539
660
409
273
182
88
411
412
109
629
31
576
525
469
496
566
81
73
612
647
845
387
633
191
481
172
594
617
602
743
906
769
37
439
858
516
403
305
728
176
231
648
363
659
124
843
468
592
566
399
340
878
635
173
753
604
82
854
489
215
450
568
741
921
931
780
297
536
650
750
629
878
890
297
600
358
490
703
9
233
603
557
386
852
544
651
371
545
412
67
454
43
707
30
893
719
23
463
70
66
414
230
561
582
56
337
672
802
574
744
44
405
610
719
878
812
485
806
651
736
598
286
578
759
529
458
912
453
146
90
370
153
122
204
356
827
458
54
265
894
715
252
633
155
92
397
829
843
511
515
386
321
644
527
744
842
566
3
740
789
54
249
566
856
279
565
146
573
546
711
795
269
428
570
926
565
777
764
867
633
639
750
290
277
56
69
743
484
430
865
223
796
660
885
803
944
653
137
786
860
770
675
553
843
299
783
395
110
77
740
188
300
822
903
554
850
151
457
58
37
734
648
694
838
642
362
75
212
518
523
95
762
256
631
109
849
922
790
182
629
112
499
713
547
555
558
545
591
105
172
55
512
446
176
302
136
494
51
532
895
429
84
578
561
770
434
186
511
768
100
21
80
430
750
812
922
588
695
918
892
200
361
903
777
875
234
78
170
806
578
895
7
559
370
861
369
273
531
99
404
727
484
197
869
592
131
878
853
51
893
238
710
10
727
467
643
66
565
508
171
309
512
32
284
858
930
654
129
507
300
249
489
811
717
567
210
859
315
288
613
866
918
705
453
478
504
109
703
260
924
127
188
33
336
57
742
711
230
495
739
423
883
221
239
347
634
1
931
391
149
568
430
259
589
280
723
662
350
345
636
855
340
101
212
612
27
592
446
531
927
188
916
362
886
905
179
125
572
77
161
147
603
778
158
92
131
306
387
641
482
627
386
698
253
133
555
86
594
367
302
684
10
68
846
754
896
304
374
934
344
584
780
298
852
681
758
701
895
133
100
91
232
214
