4,760250 5,774380 B8VI
0,988720 2,614780 M3V
2,868190 4,518530 G9II
4,925120 5,197450 A2I
3,560220 8,434080 G4IV
1,320920 3,122070 G7I
4,372170 5,985190 M4VI
5,098620 5,278210 B2VI
4,487080 5,679880 M4III
2,998640 8,004260 O5V
5,523270 3,365420 O2V
1,940850 3,820450 O9V
4,052660 2,372660 O7V
3,159130 8,289470 G3III
4,523440 5,853650 G1V
4,667340 3,069850 VII
4,570410 6,453570 A0III
4,476480 6,170540 B1VI
4,285180 6,305140 B8I
4,331820 6,815420 O2I
2,937310 7,744070 M5IV
3,888330 7,731610 M1V
1,708510 3,774800 VII
3,635710 1,886220 O5V
3,747800 1,830710 O8I
5,830000 3,156140 O5VI
2,778750 4,361880 O5III
0,203410 2,629530 G2IV
2,433600 3,669050 G0IV
4,581280 6,497540 G8IV
5,412950 2,919400 VII
5,600330 3,164250 G1VI
5,723840 2,658870 B7II
5,618300 2,947760 F5IV
0,740550 3,209900 O2I
0,377090 3,103200 K2III
6,002430 2,877690 K4III
4,655850 2,696110 M5I
3,270520 2,067700 VII
4,389010 2,781340 O5VI
5,994260 3,252340 M2V
4,387290 2,043800 VII
1,184110 2,809860 B5VI
3,159950 3,915140 K5III
3,496220 6,939440 M1IV
5,406750 2,465660 O6I
4,904960 4,947900 G4IV
5,110410 3,075170 F0II
3,087940 1,444530 VII
4,557620 5,467170 VII
2,861720 2,000650 G4VI
-0,060700 2,786810 O6I
4,336940 7,328190 A7II
6,284570 3,067590 K1II
1,825860 4,177540 K4I
5,709460 3,106670 O9I
0,243270 2,649180 K7III
3,309530 7,878780 O2I
1,156220 3,382740 O4I
3,476130 7,825830 K5III
3,128810 8,292260 K3II
2,847110 1,869050 O3VI
5,785380 2,855740 G3III
4,608330 6,778830 VII
4,933440 2,375250 G3I
6,337890 3,742050 A9II
4,187690 1,801470 B7II
6,594240 3,233420 A7II
3,365890 7,453510 O7III
5,215890 5,779560 B2II
4,703630 3,170590 G3V
4,098260 1,665550 M2I
1,367270 2,887590 K0II
5,146180 5,132590 O6V
2,375430 3,463020 VII
4,094470 1,916410 F2III
5,707290 2,971640 K1III
1,624540 4,124640 A5II
2,204790 3,338680 VII
0,095000 2,877930 O9V
0,589410 3,394920 K5III
4,653140 5,309660 K1VI
3,000860 4,867800 G4IV
5,363940 5,230580 B4VI
0,172220 2,275730 K5III
4,334450 5,934500 K8II
1,580010 3,551720 O3V
3,985340 7,880070 B8I
3,464520 7,210320 G4IV
3,108820 7,879730 M0III
4,717050 6,290650 A7III
0,785530 3,155040 VII
6,314180 3,006810 G5IV
4,783210 2,644620 B1VI
3,254560 1,564860 K4III
4,288130 6,223970 K2III
4,620450 6,305890 G5IV
1,838910 3,636520 VII
5,897280 2,837540 G8IV
6,492530 3,455800 A9V
0,879250 2,612170 K6IV
0,346350 2,686370 A8I
4,135810 6,818910 O5VI
3,883780 8,047070 G2IV
5,824120 2,913460 O5I
1,145030 3,360190 G3IV
5,475980 2,575700 VII
3,965450 7,681730 K8III
4,605620 5,757430 F6IV
3,198240 1,532820 K8III
4,637560 6,471740 VII
3,281800 7,156290 O6VI
2,897490 1,978490 G2IV
5,348190 4,979620 O4VI
5,938680 2,956100 M1VI
1,038080 2,900780 O4V
4,033350 6,652630 B0VI
3,000710 1,586110 B9II
0,903950 3,100780 K8I
3,425900 7,748180 O6I
5,838580 3,703210 VII
4,812330 4,706710 M5VI
5,009460 5,488160 F8I
3,267700 1,786230 O2V
3,678460 1,460080 G9V
4,434410 5,887480 K7VI
0,245560 2,828080 B2VI
4,800400 5,594820 B1II
3,359890 1,333330 M0III
4,592170 5,527530 F3IV
3,192220 1,922780 M4III
4,448850 7,007620 O9I
3,849190 7,658030 G2VI
0,917930 3,244530 O6I
5,338790 3,447280 B7I
4,896870 3,278940 O8V
4,801150 4,913700 F1I
3,270390 7,933660 K4III
3,474470 8,030690 O5I
4,337570 2,697870 K1III
1,790280 3,947360 O6V
3,086650 8,177670 K7V
3,581450 2,103330 O6I
4,490270 6,657190 G7V
5,005570 6,064000 K7III
2,975190 3,851400 M5V
4,061760 7,587350 F2VI
0,877580 2,729260 O4V
0,113820 2,737050 VII
5,225080 5,859990 F1IV
5,441750 3,392020 F5II
5,557430 3,624660 A2IV
0,385880 2,801640 K0II
0,638060 2,906190 G8IV
2,848270 8,048070 B5I
3,506210 8,011700 K4V
5,721620 3,634160 K8III
3,533020 2,175450 G8VI
4,617690 2,704470 VII
4,477080 6,793780 O5V
4,977950 6,023780 K5VI
3,882160 7,450660 O6V
3,817450 6,378090 K3II
4,892140 4,810700 G1VI
5,889410 2,937240 O8I
4,333020 6,776240 K5III
4,058590 5,864380 G3IV
4,840480 6,286810 O1V
0,804470 3,004840 K8II
4,316460 7,223160 K7III
4,522910 6,787620 G9IV
4,381460 6,580080 F1VI
0,553750 2,981030 G6I
0,612840 3,389750 M1VI
4,630470 5,488650 O9V
3,126900 7,435290 K7III
3,910310 2,166690 G9I
4,295810 6,995750 K8III
4,775240 4,776310 B4I
5,791060 3,260060 O5V
1,126910 3,766370 K7II
5,627820 3,652060 B3II
4,210530 6,338150 VII
0,602540 3,168650 F2IV
5,510120 5,192060 B8VI
0,015390 2,968880 F7I
4,647660 5,194360 F3I
2,834140 4,475950 VII
4,431940 6,804790 K3III
4,616490 2,551150 K8III
4,292170 5,547270 K8VI
4,785460 6,053190 G3III
4,882740 2,714640 K6II
4,580330 6,126930 M2V
3,548420 6,931670 G5III
3,599620 7,149420 K5IV
1,997640 4,358130 O6I
6,173980 3,007080 F7IV
4,472440 5,417740 G3IV
3,741010 1,534960 O9I
2,963610 7,868690 K4III
3,549350 7,638100 F0I
6,177950 2,927260 K8VI
3,118140 2,057430 M5V
3,601790 2,397440 G4V
6,334240 3,441380 B2VI
0,289710 3,020600 O5I
0,358500 3,219390 G4IV
3,182010 3,973880 O3V
4,189560 6,799370 A8II
4,760020 6,504320 G1III
3,645440 1,485390 VII
3,262420 7,307100 F0V
4,264760 6,568190 O1V
4,069670 2,790860 K2V
2,858920 8,129630 G1IV
3,031850 4,655580 O2I
3,714090 6,548980 B0VI
3,231120 2,121230 G3V
2,740700 4,204380 G4II
6,424010 3,129600 K8III
6,081720 3,203110 K7VI
0,103210 3,016280 G7III
3,800960 7,160550 O7III
2,885860 7,822060 K2I
2,465880 4,628570 VII
2,621440 4,335230 B1V
6,637280 3,233030 F8I
2,774950 8,040180 B0VI
3,285880 8,028340 K1V
2,688850 4,424660 B5I
4,906180 2,758850 G9IV
0,459140 2,837130 VII
5,439460 3,115330 O4V
4,892810 3,066880 B4VI
3,466820 7,888320 B7VI
1,108820 3,442070 G9I
3,232000 1,721890 O7I
0,686430 2,528770 G7VI
0,516920 2,451640 O9VI
4,138610 6,189350 O4VI
5,259430 5,720190 O0V
4,520130 5,692520 VII
6,063740 3,759310 F6II
3,330460 4,497710 G7I
4,852620 5,755520 F5I
5,843830 3,503260 G4IV
3,196900 8,197580 G7IV
3,299860 7,707360 G2VI
4,097520 1,983260 G3III
4,979620 2,753280 F3IV
4,756260 2,204960 G3IV
4,974520 5,350560 A9I
3,536980 7,713520 O6I
0,470790 3,139230 VII
0,545520 3,307500 VII
4,164110 1,837030 O7V
2,156310 4,395260 O6VI
4,708010 5,450380 VII
1,754170 3,278880 M4II
4,390620 5,711140 K8V
3,079470 1,518770 F3III
4,921650 2,890700 B8II
3,114530 4,793070 B5II
1,095600 2,925220 G5IV
1,769350 3,339280 F7I
2,404600 4,369070 O7I
0,745040 3,401280 A3I
5,124730 5,258160 F3IV
4,723340 2,661600 K6III
3,566960 2,288380 O6V
4,911930 2,565740 O6I
2,314940 3,425920 VII
-0,126670 2,846620 O1V
2,811320 4,510910 M3IV
0,017260 2,649240 O7V
5,031830 5,492130 G2IV
3,598460 2,448290 G3III
6,276690 3,327850 G2I
5,777130 3,179320 G3IV
5,670570 2,733780 F9III
3,332230 4,688060 G9III
3,660290 1,466690 M2III
4,925090 5,150650 M1VI
6,144040 3,250350 A1II
4,888620 2,786900 K5V
4,756990 5,998890 K6II
4,290410 5,888760 A5IV
3,901480 7,391910 VII
4,086620 7,027090 M2I
2,983730 8,153730 B4I
3,119040 1,964200 K5I
4,598200 6,603520 VII
4,533780 6,701630 G0II
5,469580 2,893370 G9VI
3,534050 7,845820 O2VI
4,706710 6,083550 B2VI
4,113350 6,184750 G4IV
5,652980 3,641080 VII
3,799360 8,092990 G9IV
0,158530 2,891850 G1IV
4,916400 5,174610 G9I
3,868790 7,610260 VII
2,492010 4,364300 G2VI
6,509040 3,406580 B4VI
6,103490 3,600260 O4V
5,325730 3,208010 G4II
5,785290 2,813240 G3IV
5,463980 5,385120 M4I
0,268040 3,076640 M4V
4,940550 5,840240 VII
3,903790 2,035810 M0I
3,646830 7,805020 VII
3,276920 7,262870 VII
3,450820 7,726640 VII
3,462120 1,891110 O5V
5,412490 5,367300 K0I
4,034480 2,135430 F4VI
3,589240 1,748240 K4III
4,035270 1,849260 M3VI
4,928410 5,780360 G4IV
3,970300 7,833200 VII
3,238060 2,145950 B9VI
3,570340 1,931510 G8VI
3,406980 8,204410 B4VI
3,893780 1,599200 G6III
4,137460 2,629440 B8VI
3,515740 2,032370 K6III
1,675290 3,697570 O8I
5,274460 2,929670 A3III
4,058590 7,615930 O1V
0,414110 2,614840 VII
5,040210 5,439690 VII
2,300370 3,539940 VII
2,939870 7,814910 K8III
3,903820 6,877870 O9V
0,611360 3,105770 K6V
5,647800 2,651470 G6III
0,936440 3,145710 M3II
3,248070 4,875300 G4VI
3,345270 4,479270 K5III
4,497620 6,729290 K2III
3,034090 4,592910 O6I
5,204060 5,054720 G3IV
4,957120 6,098620 G1II
4,958250 2,870290 G4I
4,219950 1,871040 B3I
3,225350 7,559510 K0III
3,990100 7,017160 G4I
2,932650 7,871860 B3VI
4,055370 2,212120 A2I
4,667440 5,503170 M2II
4,376480 5,629180 VII
4,520250 2,321310 F3V
3,205980 4,068960 A8VI
4,377220 5,388490 F4I
1,708400 3,999490 O7I
5,563680 3,210160 O7VI
3,185430 7,391700 B3VI
3,018410 7,716770 G4III
1,619000 4,011280 M3I
4,878520 5,085320 B9IV
3,265060 7,957450 B7I
1,683730 3,321100 M2I
3,492870 7,503370 G7III
4,508820 5,497430 G2V
2,304300 3,950800 O9V
1,841500 3,689510 M0II
3,390200 7,577830 M5I
3,698320 8,246590 B2I
4,621930 6,236480 M3II
4,391990 6,199580 VII
4,328810 5,805420 VII
0,520340 3,403610 B6VI
4,454020 2,632390 B7II
4,223660 5,876630 A0II
1,315420 3,517500 O0V
3,571230 7,474320 G4IV
3,690970 8,395470 G9III
4,008200 7,690630 A7I
4,700420 6,012400 K6IV
5,691130 3,274880 M0V
0,709770 3,186910 G9VI
1,862560 4,147020 VII
3,485260 2,187360 M2V
3,753740 2,177170 B9VI
4,806290 6,098020 G1II
5,749920 3,025870 M0II
5,400230 5,348930 O7V
4,525840 6,463990 VII
5,670840 3,607340 A5I
3,789640 2,552500 B8VI
3,383190 8,168500 G1III
6,329100 3,399250 M3III
5,312400 2,977200 K5I
1,014700 3,421790 A3III
4,250760 6,598550 B2V
4,638660 5,931320 G1III
5,219780 3,485870 G0IV
4,593460 6,011550 VII
5,181980 2,709400 O6V
5,989030 2,966620 O0V
4,486940 6,625410 B1I
3,026630 8,178820 B2VI
5,628790 3,623900 G4IV
4,221010 6,242900 M2II
4,311840 6,292440 O5V
4,287580 6,198630 O8I
3,336690 7,117540 G5I
2,161000 4,341690 K1VI
1,997630 3,542490 B5II
5,256310 5,258110 K8III
3,313120 1,983500 VII
4,683150 2,487890 M4IV
6,213850 3,367900 VII
6,281180 3,663220 VII
2,168780 3,384210 F8V
3,497960 2,304980 O7V
3,873240 6,796720 B1IV
4,532270 2,781700 B5VI
4,084950 2,480830 K9III
1,208850 3,608650 M5V
0,961610 3,537240 VII
3,655260 2,199310 M1I
4,308830 5,903760 K6VI
3,957500 6,647370 G7I
3,724860 7,016410 G2V
5,681990 2,934630 G2IV
6,352350 3,318610 G3IV
4,620280 6,691880 G0VI
5,664570 2,701830 M2II
5,169390 2,746620 A8II
0,543410 2,570150 K4III
0,194890 3,110800 A3I
5,459370 3,438240 G7IV
2,564580 4,536340 O9I
4,195380 6,710030 M2VI
4,335880 5,479750 F8II
2,799930 4,395330 B8VI
5,173380 5,236380 M4V
4,286850 7,216450 O5I
1,583980 4,047230 O6III
3,402230 8,199200 VII
3,603200 8,089610 B0II
3,387440 7,766210 K0IV
4,176130 1,894060 A5V
3,948960 7,016430 VII
5,157870 3,094420 K7IV
1,444580 3,898710 M3III
4,412320 5,565730 VII
5,432400 5,208190 G5I
3,599970 8,346130 A2II
3,699610 7,931600 G5IV
5,823440 3,344190 M4II
4,089900 5,980900 K0III
4,898020 6,230360 O7I
5,540190 2,862640 O4I
6,063700 3,525880 M2V
4,263180 6,847480 K9V
4,204900 6,955650 M2VI
1,374830 3,010470 G3IV
4,461130 2,827090 M5III
4,752610 2,182740 B2II
0,925700 3,323640 G4IV
4,377480 6,729240 M0I
2,512560 4,402970 K0III
3,133310 4,158600 F4I
6,525950 3,382170 VII
4,220470 7,051630 VII
2,965450 1,733300 B4VI
4,135610 6,850320 K4III
1,367860 3,315650 K2III
4,490100 2,969960 M4V
4,375600 2,222510 VII
2,559110 4,457870 F3II
5,250840 3,400950 B3II
3,565920 6,949720 VII
4,007820 7,271240 G9VI
4,915400 2,203310 M1II
2,602260 4,709250 G7V
4,907600 4,833500 O4V
6,482810 3,108230 M4II
4,590350 5,076940 K4V
3,865860 6,429840 K8I
5,190080 3,363750 VII
1,410610 3,380590 F9V
3,903430 1,698230 M4II
4,382510 6,482520 VII
0,402930 3,215270 VII
3,121300 1,642600 M3III
4,373650 6,973980 G6I
3,744530 1,771650 VII
5,222580 5,410850 O7V
4,098920 6,207880 O8I
4,315570 6,665910 M3III
5,918390 3,459030 VII
2,246850 3,630580 F1I
5,302590 3,212440 B0I
5,023760 6,172400 K3III
4,737810 2,554630 K3I
4,604330 5,765950 VII
4,454610 7,143960 G0IV
4,723950 6,456980 VII
6,204360 3,081480 M0II
5,974440 3,831560 VII
4,207050 7,111590 A2IV
3,194140 1,965590 M4II
3,357740 1,458070 G5IV
5,498840 2,525660 G6I
0,832330 2,513110 F1I
1,157380 3,345650 G1VI
3,841400 7,855150 K8II
4,847450 2,706650 K7VI
3,208490 2,043960 G6V
4,604300 4,970900 K7VI
4,817850 5,233480 K7VI
4,680460 6,008560 VII
1,484690 4,024390 G4IV
4,071510 7,564270 VII
5,959660 3,790690 M4II
0,345030 2,915960 B3II
4,783470 4,744800 K6I
4,028340 1,731090 O8I
6,102820 3,014780 B7VI
4,474160 6,839560 G5V
3,105220 8,010500 B1III
3,074670 4,986250 O7I
5,654270 3,133580 G6IV
4,276950 7,439150 G6III
5,010450 5,277340 VII
3,385630 7,514250 VII
4,010790 2,256450 VII
4,605990 3,052880 VII
4,229910 5,884970 VII
4,824230 5,483580 B6VI
4,626110 6,197830 B6I
4,157480 1,761170 K9III
4,283810 2,749640 VII
0,204670 3,039070 O7VI
1,807880 3,650680 O9I
5,891430 3,230120 F8II
3,329320 8,266960 VII
2,031410 3,923060 B8II
4,860900 5,422700 M1I
4,151360 2,708470 K5III
4,450140 6,963020 G3I
3,344360 4,205290 G3IV
4,905760 5,009660 VII
1,863180 4,254650 G1V
3,015140 7,725170 M4I
2,189050 4,073480 M4V
5,380130 5,489090 F3IV
3,515320 7,335070 G8IV
3,745840 8,079220 G6II
3,371340 1,793670 B3I
4,090310 7,515750 M3IV
3,257820 8,033910 O4V
3,093190 1,903150 M1I
4,221420 1,738740 M5II
4,891950 2,744050 B1IV
4,084690 1,694450 B9VI
4,360660 5,892480 A7VI
5,012900 4,986050 K3III
3,489890 8,231260 G3V
4,756150 2,582780 G2IV
4,034320 6,840050 K9III
4,006300 6,826570 G8V
4,439960 5,522790 B8VI
5,281110 2,527410 O2I
3,043600 4,812330 VII
6,281390 3,493080 G2III
3,712980 6,460430 M2II
3,907500 7,019620 O4V
2,582110 4,204900 G1IV
4,748750 5,611450 G5VI
3,617180 8,464640 VII
4,214420 2,159210 B7VI
6,288210 3,756480 M1I
6,180830 3,279900 G7II
3,464550 8,414290 A7I
4,515250 5,967470 G2IV
5,399850 3,097020 G2IV
4,956940 5,086540 K9II
5,613350 3,493630 G9I
0,876310 2,987340 A8I
3,930200 7,472430 O6I
4,504510 6,159130 G8V
4,539610 6,506120 M1IV
4,051100 6,590920 G5III
0,514980 2,667770 O7V
4,488900 2,948620 K4II
3,381320 7,109800 F0IV
2,005030 3,425550 VII
4,716330 5,407890 VII
1,369640 3,480440 K2IV
4,962850 2,217250 G2IV
4,119990 6,258810 A5I
5,252790 5,693910 K8III
3,979510 6,836950 F5II
4,573650 5,169780 O5I
4,848040 5,042190 K9V
4,604190 5,996950 G6IV
3,528700 8,474510 B7VI
2,161250 3,659360 M3III
5,942610 2,902000 F0IV
4,137750 7,356580 G7I
4,060840 6,238100 A4III
4,486260 5,662190 M3III
3,032840 7,572960 F2IV
2,812960 3,949330 VII
3,517010 8,512450 VII
3,306660 4,500760 O5I
5,562400 3,103020 G2IV
3,853490 7,120740 G9IV
5,278930 2,600960 O6I
5,160600 5,515350 G8IV
4,998380 5,242520 G1I
4,300860 5,748110 K9V
3,342870 4,306050 B6VI
1,915420 3,527180 G2VI
4,738430 5,140260 O9I
1,533680 3,926580 K0V
3,278300 4,834610 K6V
4,171910 2,504030 M1VI
4,480350 5,639330 A3II
3,890160 1,933930 O8V
3,287800 4,549010 M2V
0,392220 2,617880 VII
4,003350 2,332520 A5II
3,095170 1,634250 K8III
-0,081940 2,801400 F3I
1,256240 3,194650 F4II
3,397490 4,238540 K9I
0,000820 3,168060 O3I
5,389720 3,533720 B3III
5,860110 3,108350 O3V
4,314480 7,245280 O3V
4,924060 5,557990 VII
4,305040 2,344750 F8II
4,910190 5,681530 O5V
4,267580 2,890460 M4IV
4,663960 5,160780 O6V
3,987140 6,669010 B1VI
5,994120 3,561090 G4III
6,420210 3,489170 K0V
1,250720 2,870660 VII
3,514060 7,197810 B8I
3,325850 7,946490 K7III
1,104190 2,829130 G1I
4,336320 6,049790 VII
4,365810 2,578210 G3I
4,220040 7,400380 VII
1,539210 3,852700 M5VI
1,583950 3,299260 G3IV
-0,129050 2,827760 A0II
1,900560 4,133120 K4II
6,185810 3,025390 K6II
6,110900 3,440910 F6I
0,933190 2,839630 G5IV
3,879560 6,787470 K4III
2,879040 4,494220 VII
4,513320 6,351070 B5VI
6,348510 3,598330 B4I
4,908070 5,760300 B2VI
5,454170 3,121220 B1VI
5,705530 3,090310 G3I
2,699520 4,035740 A5V
6,119050 3,177720 O2VI
3,727670 7,182970 B6II
5,001920 3,009740 B5VI
2,315680 4,267840 K8III
5,160970 5,336370 K6I
4,412340 6,229030 F6II
3,480340 7,111390 F5III
0,297440 2,809640 F1III
5,370790 2,841570 B1VI
6,081770 3,698580 O7V
4,938900 2,892370 M5V
2,284060 3,887940 VII
5,289590 3,445000 VII
5,318840 3,359810 G1VI
6,532850 3,348210 K6III
3,254000 2,138090 F4IV
5,117490 5,300670 A0II
6,047050 3,389170 VII
4,070450 6,916890 K2III
3,092690 7,494360 O2V
4,982550 4,939990 K1III
0,468120 2,534080 A9I
3,364470 8,156070 G8VI
4,208310 6,589350 VII
4,616360 6,175640 M0VI
4,451220 6,127430 G9IV
2,896850 4,604210 M3II
6,118380 3,523040 B7VI
2,749960 1,978170 G4IV
5,261110 3,245580 G5II
4,556850 6,453040 F6V
3,479350 2,366300 G3I
5,532420 2,901810 K9III
3,204110 4,199930 F6IV
5,326520 3,555770 M0II
4,101220 7,009880 M5III
1,189700 3,064620 M5II
3,429940 2,043740 F9II
1,938080 3,813550 B8VI
3,472370 1,505170 G3I
5,380710 3,280350 K8III
3,961200 7,776380 G2VI
4,219410 2,395990 O5I
1,896660 3,359130 G7III
6,314820 3,186560 VII
4,940160 2,407050 O3V
3,520340 7,627470 K1VI
3,472100 1,580720 M5V
4,985790 3,299210 M0II
4,271200 6,509030 G8II
4,063780 7,368790 G3IV
1,380650 3,170010 O8V
2,967420 4,836590 K8III
3,479150 7,378790 VII
3,800620 7,781650 G2IV
1,213050 3,363240 K8III
4,483370 2,722950 O3V
4,221840 2,313330 G6IV
5,834810 3,667030 VII
5,437180 3,155990 B3VI
4,557370 6,749860 O5V
3,369300 1,479000 O8I
3,715540 7,775190 G8III
3,444250 2,360260 M3V
4,719790 3,148650 B4III
5,446110 3,467270 A5I
3,574620 7,239050 B8I
3,337820 8,339340 M4V
4,539720 6,683290 K4III
4,331290 2,271940 VII
3,757790 7,632570 G0II
3,627580 2,452140 B4II
4,877910 4,798130 B4II
2,437850 4,519320 G3I
1,803260 3,264670 M3V
4,040110 6,497850 VII
4,243160 5,600070 A2II
4,442550 6,518750 G5V
0,131730 2,984400 M4III
3,196690 2,270090 G5II
0,088640 2,463670 M1I
5,256730 5,451310 B3II
2,725850 4,782850 VII
4,224400 6,826750 K0III
4,604940 6,727280 K6III
3,597810 8,076320 A5II
4,659580 6,691080 K0III
4,957180 2,530270 VII
5,851480 3,279290 O3I
4,940370 2,383030 G9V
4,466970 6,069270 F2III
4,877270 2,946310 B0II
3,926870 7,109680 G1I
4,644260 2,539820 M2III
2,434730 4,223750 F7IV
5,402960 5,474860 G9V
6,218500 3,111580 A7II
3,075390 8,152850 K2III
3,643480 1,923170 F1III
2,096210 4,173650 A1I
0,355850 2,290680 VII
0,852090 2,537970 VII
3,739380 7,859740 O7V
4,454090 2,767260 F5I
5,462860 2,539340 K2II
5,313610 5,580610 A1I
4,418830 6,942520 G8V
4,747990 5,408490 G0IV
3,470070 1,378620 VII
1,507650 3,569440 O4VI
3,756220 6,391680 F9II
3,678200 1,871260 O4V
3,795600 7,225430 B5VI
4,872790 5,184050 K6V
0,005180 2,695450 B6II
4,823880 5,894200 G9V
2,986590 7,752460 A1II
0,670050 3,254050 K8III
3,846850 6,469050 G1IV
2,141150 3,319560 M3V
3,725160 7,773290 M5III
4,647100 5,662140 O9I
4,229720 6,583910 K0II
4,873750 3,106840 B3II
5,292120 5,293060 G9I
5,084680 2,673440 O8V
6,040430 3,647850 B3III
4,203930 5,728740 F2I
3,146770 7,503240 K8III
3,768040 1,511890 K9VI
1,814100 3,222840 B5VI
0,775000 2,755970 O7V
3,975940 2,043090 A2II
3,503390 2,169290 VII
4,565360 6,304110 M0VI
4,184440 2,156690 VII
2,881190 4,526640 A7IV
3,685550 7,622800 F8IV
6,125320 2,893680 G9IV
5,109080 4,900350 K9III
6,079180 3,883060 M5VI
5,198070 5,239380 F4I
2,969960 1,667970 G1IV
4,754510 3,088600 G2V
4,734380 6,124610 A2I
1,021270 3,001920 F5IV
1,935670 3,481810 O9V
3,719220 7,223680 A2IV
1,922380 4,226950 F5VI
4,173010 6,947360 VII
4,129190 5,801180 M2II
4,981500 2,377310 K4V
4,094540 1,785510 G3III
5,886810 3,040070 B8II
3,362460 8,326150 K0VI
3,990160 7,415170 G5VI
3,006340 4,208110 K0III
3,284280 7,296140 G3IV
4,810660 5,890290 F7II
4,728590 5,685080 G0IV
2,063080 4,124520 G9V
4,607240 5,737410 G5IV
6,221800 3,457630 O7I
4,632570 5,780840 VII
3,275510 7,794630 O2I
4,379420 5,885060 VII
4,392050 5,391000 B4II
4,513870 5,868210 K8III
5,063070 5,486270 VII
5,451300 2,760330 K5III
3,087880 4,217440 O8V
3,491280 2,355100 O6I
3,644810 6,578040 M0III
1,952650 3,893660 K8I
5,123210 5,958230 K3VI
1,885150 3,670050 VII
4,756570 4,996380 VII
2,968360 4,743440 M2V
4,911400 6,305990 K6III
3,484870 1,349400 K9II
6,084700 3,431140 O2V
3,712500 7,092920 F7II
1,718550 3,458660 O6V
5,410760 2,613740 K1III
5,305690 5,289940 M1II
4,271190 7,289380 K5III
4,810860 2,678020 O8V
5,235180 3,331230 O0V
3,828800 7,544470 VII
4,530180 6,439280 G1II
2,959660 8,051200 K9III
5,309420 5,569770 O4I
3,004860 4,345860 F9IV
4,409040 5,518070 F3IV
3,459140 8,480040 VII
4,340680 6,102440 M2V
5,117590 5,981860 F5I
3,803960 1,683960 VII
3,471530 7,073840 M4I
5,603720 5,162680 O4V
3,429290 1,557010 F6I
1,371500 3,164250 B5VI
3,583840 6,988160 K7III
1,356350 3,304170 VII
1,153740 3,122030 G9I
3,816860 1,836310 VII
6,023040 3,102920 B0III
3,433470 6,944960 K4II
4,392650 2,459140 G5IV
4,769870 2,828940 K6V
4,069960 1,905640 O7I
4,076070 6,113830 F4I
4,174680 5,740420 F1I
1,296630 3,149080 B1VI
5,353760 5,089120 O1V
1,614480 3,029020 K9III
3,699960 7,411530 A0II
3,051290 4,248620 G4II
5,114460 6,034150 O4V
4,587690 6,024990 B8I
3,341610 2,052220 B8VI
4,438350 2,054040 A0IV
6,246960 3,616720 VII
5,386300 5,123880 K5III
4,669970 2,386190 G1IV
4,301230 6,874540 F1V
0,947970 3,513620 O6V
5,866410 3,581800 G9V
3,264560 1,985280 F4I
3,136010 1,443430 K6II
5,589760 3,296120 VII
4,165740 2,567940 G6IV
0,265210 2,509940 B9VI
0,098410 3,066830 M2I
6,075870 3,829940 VII
5,804040 3,135190 O5I
4,822530 5,064210 VII
3,962730 7,443140 A0IV
5,994300 3,267560 M2I
0,341780 3,058040 O5V
4,843660 6,284400 G9V
3,604580 8,176210 F1II
1,042560 3,624810 M5VI
5,006870 5,556110 O7VI
4,952520 6,102010 VII
2,985330 7,782260 G0I
2,952820 1,791140 O5V
3,109740 8,245350 G0IV
4,335370 6,609990 B9V
4,786240 6,487450 M4III
3,740920 7,563380 K4III
3,587220 6,830430 O9V
0,305740 3,263320 K9III
3,746040 7,301040 B3V
3,938850 1,975840 K4III
2,991710 1,575730 F9VI
4,060970 6,505490 VII
2,206530 4,439150 F2III
3,584660 6,780820 K6III
3,321700 2,328440 K8III
1,823980 3,999270 F7IV
4,660420 6,542300 VII
4,371050 7,016850 VII
3,722820 6,938550 G1IV
4,658670 2,653120 M3V
3,691040 7,578170 G7VI
4,525370 6,001610 G4II
3,069850 8,148330 VII
4,815670 4,648140 O9V
3,039090 7,972600 O7V
0,812930 2,771830 B0VI
5,428510 3,161430 O3V
4,798270 5,050080 G7VI
4,845730 2,388500 G5V
4,697700 2,905320 O5V
4,374300 6,206630 VII
4,047580 7,131130 VII
5,703300 3,481230 O1V
3,848990 2,607630 K3II
4,312450 2,944190 O3I
4,181240 7,536690 K3III
1,312250 3,361080 K8VI
3,917080 2,258030 K8III
0,557600 2,409510 G2IV
5,836180 3,484520 K1I
5,923310 3,807700 F6IV
3,627020 7,623940 VII
4,009030 2,519560 M5III
3,360870 4,298420 O5V
4,950670 3,280810 O8I
4,613440 6,596180 B1III
5,223670 2,638030 F4IV
0,181100 2,645050 G7V
6,148740 3,666990 M2III
3,747510 6,912460 F9I
0,641410 3,495900 F3II
1,925040 3,846980 VII
5,707850 2,656920 B4I
3,876140 7,919720 G4V
5,846690 2,838540 VII
4,175230 6,382600 G7V
4,401870 7,199840 M3II
5,116440 2,858870 A5V
5,419940 5,204590 G9V
1,837860 3,358130 O2I
4,481880 5,729460 M1III
4,027500 2,752300 O7I
4,160780 6,359560 G2I
2,610950 3,587840 VII
0,810050 3,605840 VII
3,955020 2,715540 VII
4,821050 5,615620 G1IV
3,036560 8,145770 A5II
5,038950 2,568440 B4I
4,981250 2,300200 K5V
3,968190 7,432980 F6IV
5,703470 3,020640 M0I
0,559140 2,914420 B7I
5,954930 2,879820 G8IV
3,734490 6,790310 K4II
0,722700 3,178490 VII
5,045470 5,710970 G5III
1,538910 3,997340 A0III
3,525330 8,166750 F7IV
3,669920 2,051620 VII
4,480010 6,402960 O5V
4,374520 6,752150 VII
3,094540 1,980510 O8V
2,372810 3,484280 O9V
5,059260 5,288390 G1IV
3,324670 7,448820 G2IV
4,650440 5,914970 VII
4,833030 4,675880 G0IV
3,257330 2,264010 M1III
2,664380 4,041670 K9III
1,590060 3,222240 A7III
3,789700 7,353580 G8IV
0,835200 3,600300 O7I
3,268620 2,078880 VII
6,121670 3,336680 VII
3,229450 1,320450 B3VI
6,093260 3,586890 K3VI
2,933490 8,009510 G6VI
4,332090 2,424910 VII
2,915830 1,904190 G8V
4,732540 5,742060 B3II
5,928840 3,546820 A0VI
3,836570 8,021800 K9III
3,628120 1,591320 F7IV
2,562280 3,606280 K2I
4,566630 6,133790 O4V
5,325920 5,576330 K1II
3,195470 3,928450 G9V
1,150160 3,471870 M4VI
2,661560 3,645140 G4IV
4,612390 2,787750 K9VI
6,111410 3,368300 A4II
3,272060 1,506760 K1V
5,167130 5,109830 G5IV
0,453340 3,383160 G3IV
4,925460 4,798810 M2V
0,572770 2,444580 O4I
1,497600 3,009730 M0VI
3,042110 3,985780 F4IV
5,244230 5,418600 VII
3,967260 1,937790 M1V
3,426970 7,061980 M1II
4,204790 6,218190 M2II
3,445810 4,140170 M1I
3,749940 7,404170 G9IV
4,132500 5,809210 M3VI
3,738280 6,461950 F0IV
0,629200 3,373870 G4I
2,851450 7,943230 VII
3,203860 4,846220 VII
3,256240 1,449440 M2VI
4,303290 2,041210 A0V
-0,043890 2,770290 O5I
5,646270 3,540640 A9III
3,911830 2,295390 K6I
1,814900 3,283670 VII
3,688570 7,802350 G3II
3,205760 4,785640 M5VI
6,296000 3,458490 G2IV
5,748360 3,796180 G1II
3,880520 6,267740 M0VI
4,608020 2,117140 VII
1,424090 3,928190 VII
3,842060 7,246770 K9I
3,286290 8,390960 G1II
4,200950 5,991240 B3III
3,952780 7,703560 A5V
4,549000 5,262360 K6V
4,169040 6,885060 B8I
3,222580 4,856290 VII
3,854220 7,286340 F1IV
4,691110 6,579180 G4IV
1,225410 3,782150 F2II
0,872560 3,213730 B0VI
3,980900 6,880570 F0I
3,445550 1,644880 O8I
4,827510 3,027220 O7V
1,886330 3,883860 G1V
5,028600 3,105480 O6I
5,240130 5,411710 VII
0,199460 2,628480 VII
3,333120 8,271120 VII
5,205090 3,275710 O6V
4,280800 5,964860 K4III
3,278050 4,150610 F5II
4,100550 7,359460 K8II
1,168050 3,075070 O6V
4,790950 5,902770 K8III
3,576490 1,893570 O5I
4,374450 5,603730 O3V
4,410110 6,338290 K1III
4,060000 6,255910 VII
3,879990 1,897390 K9VI
1,059910 2,666140 M4VI
1,591970 3,234530 G5IV
4,353950 2,397360 VII
5,485870 5,110970 M2V
3,952000 7,823450 A5I
4,572320 6,443490 K6VI
4,114110 6,349230 M3VI
2,842300 4,012820 VII
3,785760 2,305290 K4III
4,887690 4,887860 K3IV
1,969210 3,811230 M2VI
1,124540 3,035900 VII
4,704790 5,010220 VII
6,351040 3,591550 G8IV
4,550610 6,182180 K3V
3,458080 7,910740 K4III
4,454160 2,969850 G4II
3,850870 8,117300 K8III
0,098110 2,555100 M5I
5,612650 3,072130 VII
4,126650 6,726920 VII
1,574530 3,142150 B2VI
3,208020 2,277630 VII
2,271810 3,731530 M2V
2,952100 4,636950 O6V
5,034230 2,479610 VII
5,053380 3,087060 O6V
5,515890 3,547510 A9II
1,233330 3,811500 G8VI
3,526620 7,321190 G0V
4,327520 2,760070 VII
4,845210 6,255710 M1IV
4,018250 6,015110 O6V
2,878280 4,486900 VII
4,990820 2,908310 G5IV
3,675410 6,946580 VII
5,607200 2,911450 G0IV
4,092330 2,282870 K0III
4,717740 5,481150 VII
3,360960 4,337450 B4IV
4,434240 6,058900 G3IV
2,971640 1,718980 O2VI
3,410610 2,395310 G6I
4,658160 2,063510 F8IV
4,117700 2,518220 A4IV
3,197740 1,421100 F0I
3,013900 4,392520 VII
4,097900 6,408920 VII
5,728650 3,246320 G3III
6,321630 3,243160 B0IV
3,193950 4,698900 B4II
3,868450 6,298560 VII
4,558500 2,832930 O2V
4,005890 7,882410 F8I
2,795590 1,982170 F4I
3,184760 3,941180 O0V
3,720960 8,348480 K4III
3,450630 7,796760 O9V
4,171220 1,775400 K6VI
2,892290 4,027790 O2V
4,457540 6,195670 G4IV
4,913970 5,776910 B0VI
3,091330 8,081850 VII
5,998800 3,135730 O8V
5,125940 3,410440 K1VI
5,077810 5,305730 VII
2,218340 3,592030 K4III
4,728730 4,757350 K4I
4,282860 7,281780 G6III
4,811410 5,993370 K1II
6,234700 3,785350 K2III
2,673100 4,743710 O9V
1,660050 3,212440 G6III
5,107310 2,473460 B5VI
6,332500 3,032790 F9I
5,052530 5,844940 VII
4,117400 7,182220 G9IV
5,585760 5,203490 M4V
5,656760 3,077900 K0V
0,110210 2,634220 K8III
3,193510 4,500020 B4II
0,561180 2,460720 G8II
4,819930 6,015040 G8V
5,297270 2,724350 VII
3,935380 7,668290 B9VI
5,085100 4,913910 B0VI
4,869220 2,382790 B5VI
4,013540 2,234980 M2VI
4,221570 6,818590 VII
3,821120 7,776740 G5IV
4,496120 6,548510 K7I
4,473870 5,834680 B3VI
1,388560 2,859820 VII
3,189030 7,673330 B8VI
4,595530 3,011990 A1II
5,081570 2,984230 G5I
4,685450 2,110370 K5II
6,092380 3,946600 G4III
4,400850 2,243620 G9III
3,947700 7,102000 A9III
4,494290 5,982780 VII
3,186250 1,974240 F2I
3,074330 7,776560 VII
1,705850 3,561010 G3II
3,431350 1,460500 B2VI
4,013870 7,253960 M2I
4,213300 6,398340 G6II
0,936910 3,154360 G8IV
4,082710 2,112310 O7V
3,290260 7,558720 A3VI
3,004280 4,528110 K1III
3,802000 2,649440 O8V
3,568990 8,023440 O3V
4,799590 5,483770 K2V
3,216960 1,896730 A4I
3,433590 7,432850 K5III
3,912410 2,334500 B2VI
3,513880 7,296810 M2V
0,787720 3,230140 G5I
0,472020 2,364730 VII
3,610610 8,235660 G2IV
4,236070 2,205520 O8I
3,147910 1,348680 A2II
2,523670 4,366400 F4IV
3,209210 2,193650 G6IV
3,677400 7,810690 O3VI
3,436470 1,452910 O8V
0,871550 3,691080 O9V
5,602440 5,221540 F0V
5,374740 2,658950 M4VI
4,433670 6,957900 K2V
5,681170 3,454490 O3V
2,183540 3,915150 B1VI
4,239010 2,720460 M3II
3,091560 2,087970 K5III
3,997120 7,838600 VII
3,983690 2,206530 B9VI
5,230100 2,861430 G9II
3,951130 7,452800 B3VI
3,807520 8,169330 G5I
0,207190 2,315470 B8VI
3,825000 2,567820 F2II
2,122390 4,318770 K5III
3,965390 7,061800 M1II
5,328200 3,021620 O8I
4,431950 2,355850 B9VI
2,967970 8,038300 M1II
0,520900 3,258880 F6I
4,528200 5,115930 M2IV
4,388470 6,328240 G1IV
5,155520 3,438630 B0VI
4,672020 6,628760 A9V
5,794840 3,323820 O5I
2,442180 4,610160 K8III
2,348400 3,415380 G6I
4,325300 7,024650 K9II
3,501980 2,471110 VII
3,543780 7,904580 A5II
1,969000 4,036130 F9I
4,875890 5,821630 M0III
2,971710 7,863690 K9V
3,439610 8,349850 M2I
4,559940 2,993970 B0II
2,368340 4,525020 O8V
5,910710 2,936210 VII
4,393190 2,037940 M0I
3,460940 2,299030 B5VI
2,420500 3,526870 G0II
6,118100 3,652320 M2V
2,959730 1,835610 G3III
4,073640 1,885270 O4I
3,321950 2,189580 G8III
3,604280 1,791510 M5I
3,390310 2,041100 VII
3,644450 7,418900 M3V
1,596270 3,895060 B0II
2,081470 4,111190 M1IV
0,953790 3,309350 B5I
2,794490 4,738130 K3V
5,528950 3,673360 K6III
3,488290 2,043830 B2I
4,518740 6,683310 M0VI
4,062350 6,752740 A1V
-0,102480 3,016960 K1III
5,403910 5,219490 A0VI
5,795450 3,659480 G6I
4,437330 2,489750 VII
1,278060 3,924670 O2V
2,652510 3,599850 F0VI
4,979550 3,316120 G6V
4,054350 2,230370 K2III
5,037450 5,965410 O5V
3,760080 6,372920 K1III
5,208160 4,996820 VII
3,007020 2,167070 K6V
5,362430 3,159920 G8IV
3,568730 6,891140 F2I
5,618380 2,661860 A2II
3,222050 4,542360 VII
2,912550 7,778970 O6I
2,411610 4,441340 F0II
0,207270 2,273340 G8IV
0,527430 2,917300 A8II
4,701060 6,303420 G3I
5,453510 2,742420 A7I
-0,048840 3,026910 G8VI
5,258010 2,767860 VII
1,068150 2,925690 B9V
4,077270 2,264820 VII
4,166040 7,401770 G2I
4,533240 2,797810 A6II
3,760180 6,946780 G6II
4,214400 2,810970 VII
4,545220 2,424440 A0VI
3,884120 7,738170 O7VI
1,084840 3,508610 VII
3,702220 6,806800 O8V
5,143050 3,129320 A4IV
5,358710 2,594580 VII
3,205450 8,296650 K2III
3,952120 7,959210 A3II
5,035110 5,803270 B7II
3,376580 4,637910 G5IV
4,639810 6,684300 B2II
4,570480 6,190160 G8I
3,951590 6,912320 B7II
5,366860 2,878780 A5V
4,844750 5,853870 F9IV
4,279400 1,921200 A4II
3,423290 4,256520 F7II
3,935570 7,021930 O8V
6,030290 3,655620 O5I
3,572830 8,463500 A2II
4,271660 5,563800 M5III
4,257850 6,342410 G4IV
3,530370 4,419270 O5VI
5,588490 3,306720 K2I
4,803040 3,010530 A5I
3,793220 1,690690 O4V
4,275950 2,200570 VII
3,989840 6,157850 VII
4,292220 6,832870 VII
1,141560 3,682220 B2VI
5,797230 2,869940 M4III
4,207130 5,685310 VII
4,693000 5,425980 B5VI
0,284400 3,210770 K3VI
4,192680 2,788160 K7I
2,694600 4,091340 B2III
5,575460 3,380110 G4IV
3,378530 7,345310 O8V
1,178640 3,235980 VII
3,966440 6,170870 O3V
3,170330 4,817760 O2V
3,908590 1,935430 G0IV
4,799520 4,809270 VII
4,516260 2,228030 B3V
4,919530 3,037660 O6V
2,773990 3,785520 A9I
4,656290 3,061470 F2IV
4,653930 5,240600 G8IV
3,470930 2,205890 K9III
4,207240 2,202670 K7III
4,742850 6,458740 VII
3,441490 8,261780 B4VI
5,200810 2,760000 O4V
5,009770 3,377460 O5I
3,669660 7,423420 F6I
4,893760 2,197120 G6V
4,340730 6,939190 B1II
5,256070 3,125250 VII
5,480020 5,164860 G5I
2,536840 4,028780 VII
3,213650 4,869970 O2V
4,734680 2,943400 G4I
4,006630 7,357360 O5III
4,581390 5,565660 B5VI
3,132200 1,646730 G2IV
5,953830 2,784330 VII
5,267280 2,886690 O5VI
2,998050 7,643870 G0VI
1,114460 2,909250 A5I
0,170170 2,596820 F7II
5,021890 5,310080 M1III
5,198800 3,370020 M3VI
5,910090 3,095000 K8III
4,737690 6,655110 VII
0,000860 2,911720 O7I
3,767520 8,176980 F3VI
4,658400 2,745520 VII
3,342440 7,913660 O7I
4,592050 5,727750 B8VI
3,301080 2,290280 K0III
4,879890 2,436820 G9IV
3,031640 4,554070 B8I
5,039950 5,694760 VII
3,164030 1,815890 M4III
3,616250 7,621410 B1VI
2,435350 4,356750 M0II
3,162740 8,122880 M0II
2,113290 4,118100 B6VI
6,407590 3,278370 A2VI
1,462090 2,957760 O2V
-0,108670 2,746480 G3V
5,486060 2,897800 G3IV
4,545330 2,013160 B9VI
0,339260 2,923210 K1III
3,800060 6,620280 M1V
3,955800 6,166760 VII
2,897390 3,920070 K7III
1,568810 3,810130 M4VI
5,525360 3,361190 VII
3,921010 7,651670 G5V
1,221600 3,548680 B4VI
3,083270 3,936440 K0II
5,520100 5,223690 A6I
3,477000 1,839620 K8III
4,548330 5,705500 G1IV
3,137210 1,448590 K3V
5,546150 2,776410 B1II
3,354450 8,367240 A1II
6,101650 3,861890 B0II
2,755770 4,613930 VII
4,440140 2,227090 VII
5,234420 2,860630 M5I
4,474110 2,732900 B3II
4,723790 6,385000 B6I
5,880700 2,865100 O2I
4,723200 5,833890 G1III
1,549170 3,410910 G3II
-0,096690 2,931740 F6II
1,294260 3,023440 A9II
3,687700 7,249770 K5III
3,810760 7,993850 G3III
4,388110 6,334520 O4V
3,122070 8,146710 K6VI
4,398920 2,112760 O3I
4,882410 5,779940 B9II
4,582270 5,610540 F9I
1,706710 3,926600 B1VI
2,925150 4,582220 G3I
4,475340 2,117830 K2V
5,185500 3,006630 G2I
4,147880 2,785790 K2II
3,022690 7,693900 F0I
6,328350 3,724460 G7III
4,684190 6,435510 O9VI
0,951690 3,103250 B4I
5,083970 6,033560 B3V
5,187350 5,809170 O1V
4,606670 6,289140 O0V
5,549630 5,271140 VII
4,018890 6,104410 F8VI
3,564860 1,377460 K4III
3,901630 2,469270 K8III
1,080050 2,827970 B0VI
5,230720 3,205720 F6II
4,933760 4,773010 VII
3,922150 6,696980 M2V
4,974840 5,442480 K5III
4,654430 2,600300 B8VI
3,683770 1,530400 B0I
3,547520 1,394830 B9V
5,312860 2,402310 O3V
4,765350 2,950150 K5III
4,453140 5,421560 G5IV
4,783060 2,750940 F9I
3,597250 7,691810 VII
4,350630 6,510560 B7VI
0,478930 2,751520 A5VI
4,679790 5,154220 K8III
3,689010 7,308650 B3IV
5,536590 5,178580 B2VI
5,030490 5,742040 VII
4,272590 5,728920 G9III
3,983580 7,286700 VII
0,886720 3,403270 G0IV
2,775150 2,003540 G2VI
3,618970 8,416330 VII
3,353940 1,242200 G2IV
4,670100 5,513450 M2VI
3,062510 2,100280 VII
3,475860 4,319150 K2III
3,277850 4,449340 M0III
4,625560 3,092220 M0III
5,510130 5,288960 VII
1,745380 3,951860 M1I
3,747470 1,800090 G0IV
4,254070 6,565020 A4I
0,218100 2,842630 F3IV
2,863200 3,760060 M4III
0,260640 2,272130 B6I
1,976700 4,129630 F2II
6,362880 3,063280 VII
2,249620 4,360290 F5II
4,607800 6,119880 O3V
1,155260 3,430690 K5I
4,063920 2,452870 M2V
3,305650 1,633750 G2IV
1,955050 3,455630 K0V
2,217090 4,148050 VII
4,139860 6,197300 G8IV
4,276160 2,827370 A2VI
5,982290 3,855050 VII
4,847490 5,826570 M2V
5,263200 4,923280 B1I
4,299660 6,219210 K1V
3,443540 1,636440 M4III
1,704410 4,191470 K7V
3,595270 6,943440 A7I
1,335640 3,679360 O4V
3,309710 7,356890 K3V
5,183500 2,489480 VII
6,038620 3,265830 VII
2,479650 4,254750 G4IV
4,762500 5,451350 G3V
2,303330 4,398540 K4III
3,393480 7,901800 B4VI
4,398130 5,523880 G4IV
3,397400 7,387150 O9I
3,686390 7,010710 M1V
5,431190 2,476940 VII
3,885470 2,605360 F6I
5,664930 3,306570 VII
6,035030 3,181600 VII
1,274850 3,142740 G0I
3,776700 2,558290 G9V
4,321360 2,330950 VII
3,569130 7,085320 A5VI
6,216580 3,815640 K2II
5,054560 5,183420 B6I
6,229630 3,780760 VII
3,758790 7,387480 G1IV
2,313530 3,997260 G0IV
5,102580 5,840980 G9IV
2,615700 4,039310 A1III
4,076620 7,571010 F2II
3,002940 2,148850 M2II
5,253460 3,018720 O8VI
2,832720 4,418250 A5III
5,220850 5,439740 K7III
3,318110 2,024470 K2V
0,319130 2,198530 G5IV
4,844250 4,897880 O3V
2,513100 3,844020 VII
3,418340 7,827200 G9IV
4,114170 7,218880 O5V
4,697950 6,251250 G3IV
4,093590 6,970990 G3IV
1,594230 2,970350 F6I
5,838110 3,087270 O1V
1,425910 3,446460 M0II
5,272310 2,728440 VII
4,947940 6,102450 G5II
5,192430 5,311710 VII
5,963400 3,155620 VII
5,638810 3,009900 K6I
5,083200 4,820960 VII
5,490170 5,357770 K7II
2,132240 4,209710 G8IV
1,210530 2,773790 A5V
4,591330 2,429830 G2IV
4,339320 6,236670 K6V
6,411260 3,444870 O7III
1,257230 3,856230 K0III
4,455080 7,078120 G6IV
4,068460 2,299080 B4IV
3,760660 6,788640 O8I
2,790840 1,925880 B2I
4,601220 6,559620 K9I
0,574700 2,815040 VII
3,626230 6,969200 G0V
4,432340 2,548570 K3III
5,190680 5,028490 VII
4,163670 2,006980 VII
3,910700 7,134910 VII
5,294560 2,610110 M5I
4,536290 6,299430 F7II
4,937450 2,592010 G6V
5,743110 2,923660 VII
3,049410 8,205490 G7III
4,845980 5,941170 O5V
4,822980 2,788820 B4V
6,406440 3,584600 B1VI
5,025620 5,718330 O9V
4,449130 6,417930 F1I
4,742320 2,905500 K8V
3,540670 8,237070 G9V
4,320890 7,135590 VII
4,048130 7,189900 K7VI
3,930250 7,617730 VII
3,590810 8,141970 F1I
3,953840 6,510020 G6IV
5,042390 5,318240 O4I
3,310810 7,512130 VII
2,796580 4,363890 G3IV
0,761980 3,344930 G5V
3,464950 7,476970 M2V
4,518590 6,116150 A0I
3,718500 2,508070 M1II
3,637330 2,059030 M0V
4,420910 6,143320 K4III
4,654080 4,984720 M0VI
3,332250 1,641370 B3IV
6,066200 3,659530 K8I
5,675390 2,617300 K7III
3,234230 4,375040 A5II
2,186060 3,565250 B7VI
3,144240 1,687840 B0VI
3,696810 6,879490 K0I
3,319620 7,902260 A8III
4,931170 2,349530 M0V
4,062700 2,546680 K8III
4,083310 6,671680 G0IV
3,185700 4,049170 O8V
1,927120 3,742960 K8V
4,607790 2,560970 VII
4,000860 1,624970 G6I
3,385960 4,466720 VII
4,315310 2,599160 O9I
3,724010 2,123370 O7VI
0,829130 3,228450 K6I
4,287130 2,875850 VII
3,829530 2,452200 G3IV
4,695470 6,128050 G7II
4,314150 6,601000 G8III
3,412950 7,530380 M5III
3,551160 4,358970 VII
3,712210 8,240050 O6I
5,258500 5,481200 B2I
1,484660 2,947270 VII
5,134490 4,982710 K2I
6,127680 3,458200 B3VI
4,485520 5,267030 O2V
1,346230 3,737830 K1III
3,828280 1,788610 VII
6,302800 3,117690 B9II
0,988870 3,721350 G5III
5,093270 2,569840 K5I
1,494540 2,934580 K5III
0,727820 3,365440 O4I
3,660300 6,547710 B0I
4,025940 7,727700 B4I
4,943390 5,736400 VII
4,233970 7,182140 K8III
4,106020 7,653560 G4IV
3,271500 2,103380 O5I
5,832850 3,328100 M1VI
1,067390 2,956780 B8II
3,787690 1,713810 G5IV
4,409060 6,336070 M1III
6,162100 3,175000 K4I
2,825390 1,901280 K0III
3,996370 2,267740 G7IV
0,582370 3,085500 K4III
4,241840 7,166920 G1I
2,936920 2,068120 B8V
6,390050 3,429080 VII
2,975410 4,663050 VII
4,208480 2,873100 K9III
1,612930 3,535910 VII
1,224110 2,781780 B8VI
4,112130 7,315310 G6IV
4,671400 4,856120 M1II
4,885380 2,643910 K1III
4,436040 2,536410 G7I
4,718960 5,393650 K5V
3,881370 1,735650 G6IV
5,309050 3,295830 B3III
5,698610 3,471210 G0II
5,500080 3,080100 K6III
1,313550 3,083310 M4I
5,417000 3,057800 G2IV
3,842640 6,249250 B0VI
4,677630 4,900500 VII
4,017060 5,970070 O9V
3,549730 1,386010 VII
6,016770 3,622080 O3I
3,672370 7,366830 K3III
4,639940 5,011900 K2II
0,754220 3,214520 K8I
1,586020 3,840770 K3I
1,697530 3,519060 B4II
5,819490 3,048150 A8V
5,555220 5,144650 O2VI
3,670190 8,312130 G1II
5,906260 3,785440 K2III
0,197770 2,713760 K5VI
4,216190 7,504430 G9IV
4,087600 7,072330 F8II
4,066490 2,364630 B7VI
4,288810 7,326400 G3III
2,079430 3,344490 B3II
2,350330 4,465560 G2IV
4,328990 2,530440 O2VI
2,505030 4,546000 G2VI
6,241250 3,000980 K8V
3,784540 6,652310 K4III
6,218970 3,804770 M4VI
3,819350 7,109560 M4VI
4,805060 2,746060 G9IV
3,813080 6,302700 O3V
4,319650 5,552620 O9I
1,163140 3,466090 G4IV
4,385230 1,923510 O7VI
4,991480 4,908130 G8III
3,436500 6,944880 K3VI
1,645970 3,555170 O8I
3,945820 7,802500 F4II
4,897930 2,568820 O5V
4,582560 6,164310 M0III
4,192340 1,839360 M2V
3,816640 2,344450 O6V
2,112920 4,077750 O4VI
3,531890 1,948530 M1V
6,185150 3,226560 A2I
3,255650 1,678070 VII
3,421410 7,159990 B7VI
4,700520 5,415560 G0IV
4,948850 5,980060 B9II
1,909210 3,278700 K8III
2,077130 4,254980 O2V
1,058220 3,053560 B3VI
3,932240 2,257710 M3VI
5,987710 3,885090 K9IV
5,027570 5,482500 VII
3,117800 2,207840 B3VI
1,420600 3,361300 O2V
5,804990 3,028850 M1II
1,835270 3,264640 M1VI
4,854790 5,155280 VII
3,194030 4,694030 G3IV
2,521830 4,155190 K9III
3,045840 8,210910 B2VI
6,147680 3,781400 VII
4,448940 5,872600 VII
4,887510 6,233290 K9I
3,550420 8,217410 VII
0,033670 2,816240 O3V
4,468030 2,472260 F4IV
3,172050 7,693910 B9III
0,933870 3,191220 O0V
0,592510 2,912000 G8I
0,746220 2,970780 K9III
3,504520 1,882150 G3IV
3,430520 8,223240 O5V
4,957810 5,399970 M0III
5,461820 2,678500 M0V
3,228250 1,637970 B7I
3,902460 7,752350 B7I
3,361850 7,801680 A9II
3,392180 1,591010 K5III
4,411960 7,096890 A1IV
3,225210 7,962530 O4V
3,501300 1,666260 B9VI
4,858430 5,070120 G9VI
1,903350 4,064060 G2IV
0,647640 3,043280 K5V
4,780360 6,422720 K6I
4,174490 7,594730 O9V
5,481240 5,226460 VII
5,051870 3,211890 G6III
4,892170 6,012330 VII
3,730160 7,327790 B3II
3,130080 1,795310 M3V
3,651760 1,989240 VII
3,484960 2,196150 G9V
3,001320 2,099220 B0VI
6,225380 3,664890 B3VI
