3,99876,
2,06227,
3,92243,
1,32631,
3,10426,
3,13802,
1,74666,
1,93252,
4,06834,
1,01301,
1,51084,
3,91658,
2,56797,
2,11616,
2,27971,
3,34236,
4,28581,
3,50252,
1,19558,
1,83576,
3,46129,
4,09127,
3,90445,
3,80063,
4,00171,
3,47955,
2,33167,
4,38882,
4,31907,
4,14319,
2,86495,
2,16954,
2,93898,
2,28294,
2,09409,
2,32483,
3,79616,
4,44195,
4,27472,
1,44504,
1,77103,
1,79575,
1,19553,
1,52724,
2,01532,
3,23638,
3,51453,
3,85796,
1,1783,
1,97439,
1,44365,
3,24737,
2,34921,
2,59724,
1,2512,
3,2985,
2,79672,
2,91094,
1,59245,
1,86522,
1,28795,
2,18582,
0,82081,
2,60432,
3,28781,
2,89413,
1,44831,
3,22256,
1,40577,
2,17105,
1,67736,
2,24725,
1,31409,
2,14902,
3,48628,
1,99924,
3,33354,
3,34969,
2,15876,
4,26757,
1,75989,
3,95799,
3,46292,
2,04448,
1,38259,
1,33642,
2,13245,
2,18382,
1,98487,
2,05609,
1,86844,
1,67033,
2,90874,
1,29208,
4,12634,
1,3309,
2,80928,
3,96911,
3,6418,
3,55906,
2,98531,
1,86204,
3,07775,
2,78329,
3,68062,
3,90851,
1,64606,
2,80171,
3,29942,
3,26197,
1,2729,
2,48135,
1,55665,
2,11557,
4,62097,
1,68879,
4,2769,
4,67512,
2,06514,
4,30513,
4,43061,
4,71412,
1,09261,
4,00753,
1,52175,
1,88013,
3,12359,
1,95096,
1,79772,
4,51224,
2,57734,
1,60967,
2,54788,
2,16795,
2,59205,
1,98232,
2,18851,
1,12204,
1,11192,
4,00697,
2,6429,
3,5981,
2,2272,
4,08632,
3,70539,
3,31348,
3,72076,
1,83332,
2,19424,
1,86516,
1,37018,
2,76319,
2,87082,
3,47099,
3,46171,
1,24318,
1,87114,
1,26366,
1,7451,
3,21542,
3,79281,
3,89868,
2,57684,
3,48778,
2,9715,
2,79588,
1,68241,
2,26489,
3,96169,
2,65064,
1,72208,
1,57508,
1,04398,
2,25493,
3,14794,
3,85905,
2,76033,
4,12491,
2,95704,
3,49106,
1,42052,
4,41544,
3,47377,
2,67588,
2,72307,
2,63005,
3,62647,
4,14713,
3,89236,
4,13134,
2,43278,
2,03913,
1,71104,
4,31362,
2,87739,
2,2089,
3,0846,
3,93617,
1,61235,
1,18138,
2,67419,
1,96345,
3,92391,
1,65335,
1,11176,
1,83488,
2,92464,
1,43397,
3,54539,
3,81568,
2,45257,
2,34774,
3,01957,
2,69877,
3,28755,
2,04276,
4,39779,
2,39521,
3,95104,
1,59237,
3,64647,
3,78301,
3,88269,
2,27114,
2,68919,
2,56962,
2,83565,
4,46676,
3,55604,
2,56027,
3,80105,
0,83554,
0,92236,
4,36765,
4,02349,
4,29418,
2,77242,
2,94747,
3,42416,
1,06863,
0,91977,
4,1222,
1,13848,
2,37047,
3,78629,
1,24796,
2,62535,
1,23558,
3,91703,
2,20641,
3,72821,
2,65493,
3,07986,
1,30335,
3,86804,
1,51901,
4,20522,
2,64793,
2,98935,
3,70449,
1,85652,
4,23651,
3,95258,
3,82801,
1,70212,
1,46292,
3,5938,
3,47859,
1,40157,
3,2332,
1,90745,
2,31597,
1,34377,
2,47721,
3,18297,
1,48518,
3,65386,
2,41744,
2,2556,
3,05491,
2,55172,
3,51797,
3,58676,
1,97296,
4,37218,
1,80306,
3,73057,
4,62128,
3,48466,
3,57646,
1,94707,
3,26976,
2,63417,
1,63228,
2,55006,
3,14394,
2,09355,
1,2099,
0,92505,
3,48321,
2,54662,
1,53264,
3,20605,
2,16304,
1,3301,
4,62025,
3,27467,
2,14087,
1,31476,
3,24705,
1,31471,
3,71435,
2,73801,
4,1926,
3,71033,
1,16987,
1,0083,
1,30119,
2,89317,
2,58267,
4,5678,
3,51487,
2,57513,
2,35787,
1,77177,
3,50562,
2,15246,
1,97117,
2,39643,
4,33825,
1,85093,
2,47479,
1,46922,
3,58919,
2,25601,
2,25455,
1,45316,
1,00252,
2,71286,
4,60038,
3,95866,
4,20774,
3,76623,
3,98708,
4,02895,
2,28527,
2,2921,
2,96744,
2,95451,
2,44754,
2,90925,
3,41035,
1,75863,
2,04762,
1,17033,
1,63617,
2,63587,
2,6172,
1,799,
2,91141,
4,46342,
3,36335,
3,84151,
1,81329,
1,33861,
0,87283,
3,51675,
2,90605,
1,74241,
2,05884,
3,67838,
3,19369,
3,24621,
2,09019,
4,36301,
1,91086,
2,62825,
3,70763,
2,98278,
4,34051,
3,35432,
2,24741,
1,83953,
3,08618,
3,78592,
2,20275,
2,80402,
2,4332,
2,045,
3,39025,
1,76679,
4,12418,
1,31714,
2,29854,
1,57346,
4,37706,
1,50402,
1,43534,
3,53674,
2,35927,
1,51445,
1,40034,
2,15575,
4,20188,
3,05754,
4,11,
4,0251,
2,33065,
4,25075,
2,9779,
1,92708,
1,80973,
2,58588,
3,84658,
3,27525,
2,19465,
2,91519,
3,49643,
3,64083,
1,88022,
3,7292,
0,91202,
2,8264,
1,27898,
2,32722,
1,99549,
2,85266,
1,68488,
3,36796,
1,64623,
3,9331,
3,32711,
3,11936,
3,86328,
2,0394,
4,3182,
2,78225,
1,84762,
2,98613,
2,96581,
3,2436,
3,44409,
3,07687,
1,88031,
4,21751,
1,88447,
1,83358,
1,83203,
2,81446,
1,11685,
3,42532,
0,9476,
2,82596,
4,21066,
3,51275,
3,19664,
2,06293,
2,27929,
1,91821,
1,62102,
3,22175,
0,93213,
3,1815,
4,31366,
2,92461,
2,43146,
0,92489,
1,71714,
2,00622,
3,99908,
3,3995,
3,8152,
3,03314,
1,42548,
3,60846,
2,60572,
2,51482,
3,80786,
2,31183,
3,17179,
1,84369,
1,69625,
1,82562,
1,74474,
3,0274,
3,85889,
1,50397,
3,26621,
2,75869,
1,24608,
1,37515,
3,4739,
1,77065,
1,87838,
2,20376,
1,81769,
3,49403,
1,75293,
1,59831,
3,52484,
1,36623,
1,81658,
2,70945,
2,47379,
1,86861,
2,91476,
3,0438,
4,46513,
3,33594,
2,73543,
1,11827,
0,89359,
2,42184,
2,17024,
2,32212,
2,37669,
